1	5	10000	7	10000	4	10000	3	20000	-1
2	4	35000	8	20000	3	20000	-1
3	9	30000	2	5000	5	15000	-1
4	5	10000	1	10000	10	30000	-1
5	8	10000	2	10000	4	10000	3	20000	-1
6	4	35000	9	20000	3	20000	-1
7	10	30000	2	5000	3	15000	-1
8	5	10000	1	10000	3	30000	-1
9	5	10000	2	10000	4	10000	3	20000	-1
10	4	35000	1	20000	3	20000	-1
11	3	30000	2	5000	5	15000	-1
12	2	10000	1	10000	4	30000	-1
13	5	10000	2	10000	4	10000	3	20000	-1
14	4	35000	1	20000	3	20000	-1
15	3	30000	2	5000	5	15000	-1
16	5	10000	7	10000	4	10000	3	20000	-1
17	4	35000	8	20000	3	20000	-1
18	9	30000	2	5000	5	15000	-1
19	5	10000	1	10000	10	30000	-1
20	8	10000	2	10000	4	10000	3	20000	-1