N 10
M 250
K Alumina Bauxita Manganes Ferro ;
L 1
v
1 8
a
1 1
2 3
3 4
4 4
5 6
6 7
7 7
8 9
9 9
10 10
e
Alumina 25,56621090977454
Bauxita 21,029901060679293
Manganes 19,909938872670452
Ferro 23,028848857175277
ck
Alumina 3,740435166169438
Bauxita 5,295117410404442
Manganes 9,772568275562826
Ferro 6,326465865615347
q Bauxita Alumina Manganes Ferro
1  0  0 8,698522534437968  0
2  0 4,926124435330344  0  0
3  0  0 10,561177249411214  0
4 14,707314750353591  0  0  0
5  0 4,858655112166675  0  0
6 19,61642037434191  0  0  0
7  0  0 16,760392415805597  0
8  0 13,509097676652635  0  0
9 9,183634736084423  0  0  0
10 15,46411268876606  0  0  0
