N 10
M 250
K Alumina Bauxita Manganes Ferro ;
L 1
v
1 8
a
1 1
2 3
3 5
4 7
5 9
6 10
7 11
8 12
9 14
10 14
e
Alumina 29,17050853300489
Bauxita 21,06360326116774
Manganes 23,503964688262137
Ferro 23,767839724233447
ck
Alumina 3,6613990363159936
Bauxita 7,352575721569574
Manganes 5,934987974403054
Ferro 8,850739687733551
q Bauxita Alumina Manganes Ferro
1  0  0 14,489821452320221  0
2  0  0 15,433384109198748  0
3 18,81324434655966  0  0  0
4 8,73576690985784  0  0  0
5  0  0 7,7913875097269045  0
6  0 6,313184023727187  0  0
7  0  0 6,671796180272922  0
8 15,459867918016522  0  0  0
9  0  0  0 5,695564148550103
10 12,026914189193404  0  0  0
