N 10
M 250
K Alumina Bauxita Manganes Ferro ;
L 1
v
1 8
a
1 1
2 2
3 3
4 4
5 4
6 6
7 6
8 8
9 10
10 11
e
Alumina 22,338704481683322
Bauxita 25,625726532923814
Manganes 21,821056115273393
Ferro 24,516789554330366
ck
Alumina 3,096126980188506
Bauxita 5,9230068376213465
Manganes 9,3340065410679
Ferro 5,885110794095997
q Bauxita Alumina Manganes Ferro
1  0  0 9,398077364664035  0
2  0  0  0 7,635987341091402
3  0  0  0 9,400142383434073
4  0  0 18,757037250237424  0
5  0 5,07691388787147  0  0
6  0  0  0 18,577259004837806
7 7,587834053751285  0  0  0
8  0 17,211593914299485  0  0
9 4,155970025949779  0  0  0
10  0  0  0 15,707035550431918
