N 10
M 250
K Alumina Bauxita Manganes Ferro ;
L 1
v
1 8
a
1 1
2 2
3 4
4 6
5 8
6 9
7 10
8 12
9 14
10 15
e
Alumina 29,057785432454857
Bauxita 29,960259500575877
Manganes 23,514389215853647
Ferro 22,08598311837489
ck
Alumina 8,873001463306158
Bauxita 8,378236102879148
Manganes 9,369607354264224
Ferro 7,891960742740301
q Bauxita Alumina Manganes Ferro
1  0 16,753507025194196  0  0
2 12,266249277766335  0  0  0
3  0  0  0 12,671290729263244
4  0  0  0 12,199685537741782
5  0  0 5,372389330495025  0
6  0  0 4,917621948841692  0
7  0  0  0 16,627731224811374
8  0  0 18,23140264213598  0
9  0 16,76658610859728  0  0
10  0  0  0 19,513872704938485
