N 10
M 250
K Alumina Bauxita Manganes Ferro ;
L 1
v
1 8
a
1 1
2 2
3 3
4 4
5 5
6 6
7 8
8 9
9 11
10 12
e
Alumina 19,101460848239846
Bauxita 19,308800461933547
Manganes 21,967381760048028
Ferro 17,898923033488224
ck
Alumina 8,269061816718889
Bauxita 4,875163999826596
Manganes 5,347720443555088
Ferro 7,495206412466792
q Bauxita Alumina Manganes Ferro
1 4,450759049280261  0  0  0
2 17,62008355120978  0  0  0
3 4,081813665761516  0  0  0
4 7,962747542657711  0  0  0
5  0  0  0 7,065246454235746
6  0 6,166537762028506  0  0
7 18,465060247139437  0  0  0
8  0  0 14,848790208858869  0
9  0 17,282073654860746  0  0
10 19,56862302418  0  0  0
