N 10
M 250
K Alumina Bauxita Manganes Ferro ;
L 2
v
1 8
2 16
a
1 1
2 1
3 3
4 3
5 3
6 5
7 6
8 8
9 9
10 10
e
Alumina 29,501638250878912
Bauxita 15,543815761293265
Manganes 17,336254064196723
Ferro 28,742844078664515
ck
Alumina 6,005554788966354
Bauxita 7,825939852833015
Manganes 5,593942129949049
Ferro 6,9932408130148875
q Bauxita Alumina Manganes Ferro
1  0  0  0 4,9888079058796375
2  0 18,72830820760737  0  0
3 18,26865479711479  0  0  0
4  0 8,987830642656709  0  0
5  0  0 8,218402469161942  0
6 9,93679035498686  0  0  0
7  0 7,604487958549102  0  0
8  0  0  0 4,209847595569359
9 12,149157705760029  0  0  0
10  0 15,74269361908012  0  0
