N 10
M 250
K Alumina Bauxita Manganes Ferro ;
L 2
v
1 8
2 16
a
1 1
2 3
3 5
4 7
5 8
6 10
7 11
8 11
9 11
10 13
e
Alumina 25,88410745260075
Bauxita 21,188097814689996
Manganes 27,09712838324307
Ferro 21,214451874229564
ck
Alumina 3,2193559348905167
Bauxita 4,495396293629987
Manganes 7,92152386553872
Ferro 8,628131887151927
q Bauxita Alumina Manganes Ferro
1  0 6,969865024717842  0  0
2  0 10,36808125121222  0  0
3  0 9,388883590615226  0  0
4  0  0 19,564631079375637  0
5  0  0 14,271136436567806  0
6  0 8,333749756007274  0  0
7  0 14,118201398536325  0  0
8  0 14,464693868369464  0  0
9  0  0 9,789307200994209  0
10  0 10,436123628307016  0  0
