N 10
M 250
K Alumina Bauxita Manganes Ferro ;
L 2
v
1 8
2 16
a
1 1
2 3
3 5
4 6
5 7
6 8
7 9
8 10
9 10
10 11
e
Alumina 20,108361807434235
Bauxita 21,61788210138793
Manganes 27,016062176609243
Ferro 20,902390190806898
ck
Alumina 6,642152713185967
Bauxita 5,432231988492031
Manganes 8,33924973684713
Ferro 8,993909719310214
q Bauxita Alumina Manganes Ferro
1  0  0 15,95054956668612  0
2  0 19,660604024338397  0  0
3  0  0  0 14,999071814673998
4  0  0 16,97442603211382  0
5  0 17,355323038111948  0  0
6  0  0  0 11,470113999494332
7 11,075668189245004  0  0  0
8  0  0 13,436949552439811  0
9  0  0 18,4276033524514  0
10  0  0 9,53548716361354  0
