N 10
M 250
K Alumina Bauxita Manganes Ferro ;
L 2
v
1 8
2 16
a
1 1
2 2
3 4
4 5
5 7
6 8
7 8
8 10
9 11
10 11
e
Alumina 20,258026886636145
Bauxita 17,48493948505191
Manganes 16,14878774831265
Ferro 25,975079636123027
ck
Alumina 5,684067760244787
Bauxita 3,7220578669162
Manganes 7,554609381195092
Ferro 6,625685481520868
q Bauxita Alumina Manganes Ferro
1  0 9,474302814006668  0  0
2 8,192782480113795  0  0  0
3 12,680217688810163  0  0  0
4  0  0  0 4,81593394039548
5  0 5,427113723137374  0  0
6  0  0  0 14,16909926802151
7  0 16,060764577826397  0  0
8  0  0 9,127851733792268  0
9  0  0  0 18,674351244228752
10 6,37981708636994  0  0  0
