N 10
M 250
K Alumina Bauxita Manganes Ferro ;
L 2
v
1 8
2 16
a
1 1
2 3
3 4
4 6
5 6
6 7
7 8
8 8
9 10
10 11
e
Alumina 17,793647833673294
Bauxita 24,565301281071378
Manganes 23,38320838495827
Ferro 17,759398871877252
ck
Alumina 8,322728199489191
Bauxita 8,476983803929995
Manganes 4,206856932462844
Ferro 9,117831028549357
q Bauxita Alumina Manganes Ferro
1  0  0  0 14,080442233463648
2 10,144404616176338  0  0  0
3 11,916694054637277  0  0  0
4 11,331532502086542  0  0  0
5  0  0  0 15,474208595420805
6 17,618802076358577  0  0  0
7  0  0  0 11,817975877670154
8  0 10,430027701844114  0  0
9  0  0  0 19,84013820450631
10 18,460241796637057  0  0  0
