N 10
M 250
K Alumina Bauxita Manganes Ferro ;
L 3
v
1 8
2 16
3 24
a
1 1
2 2
3 2
4 4
5 4
6 5
7 5
8 5
9 5
10 7
e
Alumina 23,621270248296064
Bauxita 17,550646098154036
Manganes 29,21558190389642
Ferro 18,676718797021493
ck
Alumina 6,253281873723999
Bauxita 4,2402799250469165
Manganes 7,646587770048041
Ferro 5,421337413385446
q Bauxita Alumina Manganes Ferro
1 12,785098283087288  0  0  0
2  0  0  0 9,63784704530297
3  0  0  0 10,146536867602778
4  0  0  0 13,341732708497535
5  0  0  0 17,658981746319135
6  0 4,586054390464966  0  0
7  0  0  0 9,59105534384538
8  0 6,702037633413857  0  0
9 15,647287651392062  0  0  0
10  0  0  0 13,722026156038279
