N 10
M 250
K Alumina Bauxita Manganes Ferro ;
L 3
v
1 8
2 16
3 24
a
1 1
2 1
3 3
4 3
5 4
6 5
7 7
8 8
9 8
10 8
e
Alumina 26,97223763171897
Bauxita 17,0380667436384
Manganes 17,68413324131255
Ferro 16,405039348031366
ck
Alumina 9,88239320988315
Bauxita 8,397886551259237
Manganes 7,081271635856462
Ferro 5,5298554161281395
q Bauxita Alumina Manganes Ferro
1  0 12,843273712987898  0  0
2  0 9,86694338903368  0  0
3 6,830652739323751  0  0  0
4  0  0 18,85964283810172  0
5  0 10,92233315628414  0  0
6 6,855559184125227  0  0  0
7  0 12,100530957965624  0  0
8  0  0  0 12,023428085220209
9  0  0 12,670254714886816  0
10  0  0  0 5,855484527397614
