N 10
M 250
K Alumina Bauxita Manganes Ferro ;
L 3
v
1 8
2 16
3 24
a
1 1
2 3
3 3
4 3
5 4
6 4
7 4
8 4
9 5
10 5
e
Alumina 25,043551870104437
Bauxita 18,88975342629918
Manganes 20,400803257652807
Ferro 24,910602683215487
ck
Alumina 7,472641213903461
Bauxita 6,502151405961088
Manganes 8,946592338567394
Ferro 4,486076853235296
q Bauxita Alumina Manganes Ferro
1  0 5,572652030128948  0  0
2  0 18,998781757277094  0  0
3  0  0  0 4,557766437462288
4  0  0  0 7,276589620671038
5 5,082742816039206  0  0  0
6  0  0 8,42858012009716  0
7  0  0 6,665584988701241  0
8  0 4,7711998809842235  0  0
9  0 16,85130368187889  0  0
10  0  0  0 8,85470382514305
