N 10
M 250
K Alumina Bauxita Manganes Ferro ;
L 3
v
1 8
2 16
3 24
a
1 1
2 3
3 5
4 7
5 7
6 7
7 8
8 9
9 10
10 11
e
Alumina 26,655027354553418
Bauxita 29,777545452881043
Manganes 17,78253103991904
Ferro 27,74936825585717
ck
Alumina 3,6240240124683027
Bauxita 8,419993181391826
Manganes 6,573141956193728
Ferro 8,719820483053077
q Bauxita Alumina Manganes Ferro
1  0  0 12,740776365551682  0
2  0 4,775579298524738  0  0
3  0  0  0 17,10215926038922
4 8,352686659683746  0  0  0
5  0 12,372700829442223  0  0
6  0 19,11038836031488  0  0
7  0 16,44996696516136  0  0
8 11,756569684688207  0  0  0
9 13,06730463658518  0  0  0
10  0  0 17,316714377189218  0
