N 10
M 250
K Alumina Bauxita Manganes Ferro ;
L 3
v
1 8
2 16
3 24
a
1 1
2 2
3 4
4 4
5 5
6 7
7 8
8 10
9 10
10 11
e
Alumina 22,013559234977595
Bauxita 18,394087001913842
Manganes 23,591000469788362
Ferro 23,277984093818795
ck
Alumina 3,4941615675995945
Bauxita 7,150063118987709
Manganes 4,672935914797003
Ferro 3,1640562968088943
q Bauxita Alumina Manganes Ferro
1 16,96012214435303  0  0  0
2  0  0  0 7,662576273982344
3 10,556219273835548  0  0  0
4  0  0  0 7,034956532707412
5  0  0  0 16,052885624390754
6 7,791531058732218  0  0  0
7  0  0 8,441963765165433  0
8 14,171378246725112  0  0  0
9 10,697549094665574  0  0  0
10 18,692178076100475  0  0  0
