N 10
M 250
K Alumina Bauxita Manganes Ferro ;
L 4
v
1 8
2 16
3 24
4 8
a
1 1
2 3
3 5
4 6
5 6
6 8
7 8
8 9
9 9
10 11
e
Alumina 26,403825623969425
Bauxita 22,00916933978822
Manganes 17,363294389660297
Ferro 19,849545684040034
ck
Alumina 5,65485827360925
Bauxita 6,409751784997284
Manganes 4,2062671432614644
Ferro 6,303431502795355
q Bauxita Alumina Manganes Ferro
1  0  0  0 14,567403615155264
2  0 15,79792189193063  0  0
3  0  0 5,1842373922059295  0
4  0  0 16,17377099627423  0
5  0  0  0 7,667703403625971
6  0  0  0 14,128882681510541
7  0  0 14,155248293963334  0
8  0  0 4,328552328884337  0
9  0  0  0 8,245007080466328
10  0 12,69184090637858  0  0
