N 10
M 250
K Alumina Bauxita Manganes Ferro ;
L 4
v
1 8
2 16
3 24
4 8
a
1 1
2 2
3 3
4 3
5 5
6 6
7 6
8 6
9 8
10 10
e
Alumina 27,231384840662052
Bauxita 26,665492756465348
Manganes 27,57284133118889
Ferro 26,937104755603293
ck
Alumina 5,511722671168459
Bauxita 5,36842588238815
Manganes 6,262389996312736
Ferro 7,249803343247994
q Bauxita Alumina Manganes Ferro
1  0 19,044392732523665  0  0
2  0 9,048809430586603  0  0
3  0  0 17,311939119506153  0
4  0  0 14,9052091400984  0
5  0  0 12,169298114629004  0
6 13,593813505332868  0  0  0
7  0  0  0 7,907399010440292
8  0  0 12,361238730403864  0
9 9,258482077866145  0  0  0
10  0  0  0 4,172819266443973
