N 10
M 250
K Alumina Bauxita Manganes Ferro ;
L 4
v
1 8
2 16
3 24
4 8
a
1 1
2 1
3 2
4 4
5 6
6 8
7 8
8 10
9 12
10 13
e
Alumina 29,22235321119203
Bauxita 29,70130113479713
Manganes 24,49012834813314
Ferro 20,916738680551138
ck
Alumina 9,957146822452376
Bauxita 5,9197777706578325
Manganes 7,720056864692799
Ferro 9,72091111980926
q Bauxita Alumina Manganes Ferro
1  0 19,167903345691528  0  0
2  0  0  0 5,0696818803942705
3  0 17,342712530963684  0  0
4  0  0 4,979258231189927  0
5  0  0 5,310211814392753  0
6  0  0  0 18,502479341994736
7  0  0  0 17,907627794487
8  0  0 10,072248834562265  0
9  0  0  0 18,053977094954757
10  0 4,407096497546965  0  0
