N 10
M 250
K Alumina Bauxita Manganes Ferro ;
L 4
v
1 8
2 16
3 24
4 8
a
1 1
2 3
3 5
4 5
5 6
6 8
7 9
8 10
9 10
10 12
e
Alumina 25,15408145508478
Bauxita 18,1596329295915
Manganes 26,23981549688947
Ferro 25,68504877198897
ck
Alumina 4,567326494902881
Bauxita 9,441155944290042
Manganes 3,4234682719997447
Ferro 9,763781060098212
q Bauxita Alumina Manganes Ferro
1  0  0  0 16,162974359666116
2  0  0  0 8,579117876994035
3  0  0  0 11,955673531751588
4  0 13,364075840413143  0  0
5  0 5,9679696893954475  0  0
6  0 14,846946586355296  0  0
7  0  0 15,716123471810658  0
8  0  0  0 15,073632556583966
9  0  0 13,8865288919687  0
10  0  0  0 10,968625640113482
