N 10
M 250
K Alumina Bauxita Manganes Ferro ;
L 4
v
1 8
2 16
3 24
4 8
a
1 1
2 3
3 4
4 6
5 8
6 8
7 8
8 9
9 9
10 9
e
Alumina 22,12276954304295
Bauxita 27,675484448593394
Manganes 20,391479354169537
Ferro 25,694291742229048
ck
Alumina 6,918775194553939
Bauxita 8,820665393159185
Manganes 9,680186779186176
Ferro 4,122343761379737
q Bauxita Alumina Manganes Ferro
1  0  0 7,7868606985974225  0
2  0 16,833436885912384  0  0
3  0 19,39717083035673  0  0
4  0  0 10,415823878170555  0
5  0  0 6,494311964050802  0
6 15,425326589739097  0  0  0
7  0  0  0 9,288417976775005
8  0 10,947741510791985  0  0
9 18,432574153812112  0  0  0
10  0  0 12,832142361747097  0
