N 10
M 250
K Alumina Bauxita Manganes Ferro ;
L 5
v
1 8
2 16
3 24
4 8
5 16
a
1 1
2 3
3 5
4 7
5 7
6 9
7 10
8 11
9 12
10 13
e
Alumina 22,26134549550731
Bauxita 21,565477172436008
Manganes 15,757422619069526
Ferro 15,367032117340088
ck
Alumina 8,693003071181899
Bauxita 5,653474699181098
Manganes 5,807495254017005
Ferro 9,059208329905623
q Bauxita Alumina Manganes Ferro
1 10,63604136848917  0  0  0
2 10,489798559770962  0  0  0
3  0 7,996375172505337  0  0
4  0  0 6,622572890577093  0
5  0  0 15,405196644994174  0
6  0  0 11,696144422216134  0
7  0 9,337155047450318  0  0
8  0  0  0 4,539033034715532
9  0 18,276878854368295  0  0
10  0 8,070704450415079  0  0
