N 10
M 250
K Alumina Bauxita Manganes Ferro ;
L 5
v
1 8
2 16
3 24
4 8
5 16
a
1 1
2 3
3 5
4 7
5 8
6 9
7 9
8 10
9 11
10 13
e
Alumina 18,68434895614391
Bauxita 26,15416577524597
Manganes 18,88422651403535
Ferro 29,607079432668463
ck
Alumina 7,3503085539392305
Bauxita 4,435449960236451
Manganes 6,627097119520595
Ferro 7,2575222399211485
q Bauxita Alumina Manganes Ferro
1 19,55914299979485  0  0  0
2  0 8,573982976102466  0  0
3  0 11,325850545263688  0  0
4  0 16,750625264547526  0  0
5 16,101120993933158  0  0  0
6  0 5,155374963838058  0  0
7 6,431145451077359  0  0  0
8  0  0 13,186046297673732  0
9  0  0  0 9,636172442959293
10 16,126343660814065  0  0  0
