N 10
M 250
K Alumina Bauxita Manganes Ferro ;
L 5
v
1 8
2 16
3 24
4 8
5 16
a
1 1
2 3
3 5
4 5
5 5
6 6
7 6
8 8
9 8
10 10
e
Alumina 19,18089961975474
Bauxita 17,71617338988613
Manganes 15,692249753949985
Ferro 17,0626259318167
ck
Alumina 6,0263670719443105
Bauxita 7,267091952583067
Manganes 3,941672434886658
Ferro 6,559151060091834
q Bauxita Alumina Manganes Ferro
1  0  0 6,013772635758729  0
2 12,26866979049638  0  0  0
3 14,597419436786643  0  0  0
4  0  0  0 16,745952230795876
5  0 17,412084824799678  0  0
6  0 6,930892805959308  0  0
7  0  0 10,53449285757719  0
8  0  0  0 8,395446344911111
9  0  0 7,1607721961928  0
10 11,729083418012205  0  0  0
