N 10
M 250
K Alumina Bauxita Manganes Ferro ;
L 5
v
1 8
2 16
3 24
4 8
5 16
a
1 1
2 1
3 1
4 1
5 1
6 3
7 3
8 4
9 5
10 6
e
Alumina 25,074146855737787
Bauxita 20,043037639411033
Manganes 23,000650041721435
Ferro 27,729129607074427
ck
Alumina 6,056462180267881
Bauxita 4,445018295949512
Manganes 5,628371232851396
Ferro 6,585878916754687
q Bauxita Alumina Manganes Ferro
1 11,50841030246226  0  0  0
2 5,993611122506035  0  0  0
3 17,86711607704771  0  0  0
4  0  0  0 5,853774597947444
5  0 19,923418913453265  0  0
6  0  0 8,798469871420828  0
7  0  0  0 6,152920824929113
8  0 18,10171450229934  0  0
9  0 17,86351612516232  0  0
10  0  0 6,369309026173781  0
