N 10
M 250
K Alumina Bauxita Manganes Ferro ;
L 5
v
1 8
2 16
3 24
4 8
5 16
a
1 1
2 2
3 3
4 3
5 3
6 4
7 4
8 4
9 4
10 4
e
Alumina 25,848703450208394
Bauxita 15,070351441248057
Manganes 20,938593610169733
Ferro 15,685395581998307
ck
Alumina 9,752377378884017
Bauxita 8,28088701134837
Manganes 7,001471832621874
Ferro 3,862470139618813
q Bauxita Alumina Manganes Ferro
1  0  0  0 8,437210534649754
2 8,811941250834293  0  0  0
3  0  0 4,928464428402851  0
4 14,062523073102486  0  0  0
5 19,919557208159247  0  0  0
6  0  0 15,792247602946272  0
7  0  0  0 5,672527049114899
8  0  0  0 16,222485953110098
9  0  0 14,230867924016678  0
10  0  0 13,604113578018358  0
