N 10
M 250
K Alumina Bauxita Manganes Ferro ;
L 6
v
1 8
2 16
3 24
4 8
5 16
6 24
a
1 1
2 1
3 3
4 5
5 7
6 9
7 9
8 9
9 9
10 11
e
Alumina 27,478529433064125
Bauxita 21,676166753321073
Manganes 28,818199972903123
Ferro 26,91790817188558
ck
Alumina 8,78850745775955
Bauxita 4,082800772497007
Manganes 5,612594966258502
Ferro 8,864306448108266
q Bauxita Alumina Manganes Ferro
1 6,517428638323709  0  0  0
2  0  0  0 11,058201941353046
3  0  0  0 8,009571644734624
4  0  0 5,695651792852495  0
5  0  0 4,496829131858284  0
6 16,623704635406924  0  0  0
7 7,455433274940146  0  0  0
8  0  0  0 15,854875682104431
9  0  0 11,708295108321746  0
10 16,52398953536483  0  0  0
