N 10
M 250
K Alumina Bauxita Manganes Ferro ;
L 6
v
1 8
2 16
3 24
4 8
5 16
6 24
a
1 1
2 1
3 3
4 5
5 5
6 7
7 9
8 11
9 12
10 12
e
Alumina 20,229035167545153
Bauxita 24,53441769481494
Manganes 24,796360830895445
Ferro 18,539671284634768
ck
Alumina 3,9217524863407074
Bauxita 7,5062680996023365
Manganes 9,958396577740633
Ferro 3,007507938131607
q Bauxita Alumina Manganes Ferro
1  0 18,10090519271998  0  0
2  0  0 19,700406486984164  0
3  0  0  0 8,854045330313197
4  0  0 8,455159420362937  0
5  0  0 8,6269560146195  0
6 17,220180644546666  0  0  0
7 5,811592226107752  0  0  0
8 15,863691572491154  0  0  0
9  0  0 11,93366966779699  0
10  0  0 15,936372956273747  0
