N 10
M 250
K Alumina Bauxita Manganes Ferro ;
L 6
v
1 8
2 16
3 24
4 8
5 16
6 24
a
1 1
2 1
3 3
4 5
5 6
6 8
7 9
8 11
9 11
10 12
e
Alumina 16,25050521188239
Bauxita 28,24317414757717
Manganes 20,336972876583857
Ferro 16,56865498639489
ck
Alumina 8,109121325617414
Bauxita 6,63319336161211
Manganes 3,9660534967196743
Ferro 3,632657040846495
q Bauxita Alumina Manganes Ferro
1 15,42879988599031  0  0  0
2  0 4,728785829156703  0  0
3  0  0  0 12,737802163031468
4 4,598976206648096  0  0  0
5  0 14,956069578022147  0  0
6  0  0 13,102334822350961  0
7  0  0 4,576172405075374  0
8  0  0  0 10,126737398015777
9 7,976113499870767  0  0  0
10  0  0 11,76147166740982  0
