N 10
M 250
K Alumina Bauxita Manganes Ferro ;
L 6
v
1 8
2 16
3 24
4 8
5 16
6 24
a
1 1
2 3
3 5
4 5
5 6
6 6
7 7
8 9
9 9
10 9
e
Alumina 28,889787866136984
Bauxita 21,075387491446406
Manganes 18,8371859239366
Ferro 26,306474600813942
ck
Alumina 9,606815413273694
Bauxita 8,122549226746113
Manganes 8,235260901379583
Ferro 3,473732396370014
q Bauxita Alumina Manganes Ferro
1  0  0 4,87009490154645  0
2  0  0  0 19,732663831904567
3 9,113461166190646  0  0  0
4  0  0 19,698558280893902  0
5  0  0 6,11120702919365  0
6  0  0  0 14,215643393220963
7  0 9,902235863846796  0  0
8  0  0  0 14,534473108621778
9 11,283095247720961  0  0  0
10  0 16,09509322141822  0  0
