N 10
M 250
K Alumina Bauxita Manganes Ferro ;
L 6
v
1 8
2 16
3 24
4 8
5 16
6 24
a
1 1
2 3
3 5
4 5
5 6
6 8
7 8
8 10
9 10
10 11
e
Alumina 23,04769649979193
Bauxita 24,327219641454715
Manganes 24,23916539833921
Ferro 16,06245457831229
ck
Alumina 5,593838980054251
Bauxita 6,9548302125158665
Manganes 8,315975008349639
Ferro 3,7561609488606305
q Bauxita Alumina Manganes Ferro
1  0 6,275300066496326  0  0
2  0 18,478908244167457  0  0
3  0 11,662863327715717  0  0
4  0  0  0 9,54728305840947
5  0 10,538787714044254  0  0
6 12,57520985176566  0  0  0
7  0  0 9,323940146109535  0
8  0 15,12637737999561  0  0
9  0 14,08888918220609  0  0
10 11,625845998968336  0  0  0
