N 15
M 250
K Alumina Bauxita Manganes Ferro ;
L 1
v
1 8
a
1 1
2 3
3 5
4 5
5 7
6 7
7 7
8 8
9 10
10 10
11 10
12 11
13 11
14 13
15 13
e
Alumina 17,067346245818577
Bauxita 22,939832551222317
Manganes 29,07524246874933
Ferro 29,254749172406445
ck
Alumina 6,107232640241545
Bauxita 3,006098227183296
Manganes 4,287318926987231
Ferro 5,064591953472769
q Bauxita Alumina Manganes Ferro
1  0  0 7,820170692365297  0
2 17,698418801295755  0  0  0
3  0  0 12,017786344087323  0
4  0  0 15,323688531023892  0
5  0  0  0 13,513225263322175
6  0  0 15,556085157729292  0
7  0  0  0 17,550333154514156
8  0  0 19,561296745116863  0
9  0  0 17,07639474617259  0
10  0  0  0 7,797537515966162
11  0  0 7,219799781546438  0
12  0  0  0 4,529260328405261
13  0  0  0 11,081807198589956
14  0  0  0 19,4518303779215
15  0  0 11,931674018187442  0
