N 15
M 250
K Alumina Bauxita Manganes Ferro ;
L 1
v
1 8
a
1 1
2 1
3 1
4 1
5 1
6 2
7 3
8 3
9 5
10 6
11 6
12 6
13 7
14 8
15 9
e
Alumina 19,31064718494964
Bauxita 20,488221162342356
Manganes 20,33320473790924
Ferro 27,80239786727544
ck
Alumina 7,623367271046424
Bauxita 7,064075452170048
Manganes 4,9679601325964295
Ferro 9,612873516419462
q Bauxita Alumina Manganes Ferro
1 5,333225364509731  0  0  0
2  0 13,58513930300073  0  0
3  0  0  0 6,947880671761659
4 7,192094561582547  0  0  0
5  0  0 13,472055043624271  0
6  0 13,586183627928277  0  0
7 15,791929043383846  0  0  0
8  0  0 12,857386904482741  0
9  0 18,48229509674367  0  0
10 8,188948021340096  0  0  0
11 7,154642795310652  0  0  0
12  0  0  0 16,18182787331316
13  0 19,95102785092817  0  0
14 10,603281181497316  0  0  0
15 8,78281825602333  0  0  0
