N 15
M 250
K Alumina Bauxita Manganes Ferro ;
L 1
v
1 8
a
1 1
2 3
3 4
4 4
5 4
6 5
7 6
8 6
9 8
10 9
11 11
12 12
13 14
14 14
15 16
e
Alumina 18,739240605672297
Bauxita 20,84162200242786
Manganes 26,22350473479677
Ferro 17,612175992784596
ck
Alumina 7,7104285560676065
Bauxita 3,138001649731468
Manganes 9,992266698976973
Ferro 8,384850785576766
q Bauxita Alumina Manganes Ferro
1  0 5,152953611857134  0  0
2 8,42875019735  0  0  0
3 19,031991200243525  0  0  0
4  0  0  0 9,6947488322647
5 17,82597783527097  0  0  0
6  0  0  0 11,77720233126784
7 13,119103238061768  0  0  0
8  0  0  0 8,68272059888914
9 9,70135029289604  0  0  0
10  0 14,768655932530153  0  0
11  0  0 10,300221345953805  0
12 15,351585997012739  0  0  0
13  0  0 13,821062837216685  0
14  0 5,422856126580344  0  0
15  0  0 15,532191200178897  0
