N 15
M 250
K Alumina Bauxita Manganes Ferro ;
L 1
v
1 8
a
1 1
2 3
3 3
4 5
5 6
6 8
7 9
8 9
9 11
10 12
11 12
12 13
13 13
14 13
15 15
e
Alumina 17,317114676976523
Bauxita 19,057385782410783
Manganes 22,867174470889886
Ferro 20,444851568908025
ck
Alumina 5,571938284463954
Bauxita 6,325275740001786
Manganes 9,806920670378258
Ferro 7,824765898193883
q Bauxita Alumina Manganes Ferro
1  0  0  0 14,92896670086023
2  0  0 13,745532768128564  0
3  0  0 12,956906414516167  0
4  0  0  0 5,055291181459044
5 4,760479049832867  0  0  0
6  0  0 19,00900436529185  0
7  0 13,084092133186857  0  0
8 17,312982050509582  0  0  0
9  0  0 6,746733963910238  0
10  0 10,712048483967788  0  0
11 19,465766216089  0  0  0
12  0  0 4,944242050511569  0
13  0 8,141119877351334  0  0
14 9,19486168678692  0  0  0
15  0  0  0 13,696388394349512
