N 15
M 250
K Alumina Bauxita Manganes Ferro ;
L 1
v
1 8
a
1 1
2 3
3 4
4 4
5 4
6 4
7 6
8 6
9 6
10 8
11 10
12 10
13 10
14 10
15 10
e
Alumina 18,32563862647361
Bauxita 17,139589104429824
Manganes 22,54009684179379
Ferro 15,865471297934272
ck
Alumina 9,242965250446856
Bauxita 3,125882759917184
Manganes 9,165330830012488
Ferro 9,758157067084507
q Bauxita Alumina Manganes Ferro
1  0  0  0 18,440716038570095
2  0  0  0 10,74208951437026
3  0  0 13,612055699126842  0
4  0 15,177944421812638  0  0
5  0  0  0 6,721938681846865
6  0  0 10,876557878713516  0
7  0 19,619904567988385  0  0
8  0 13,234585574944067  0  0
9  0  0 6,499533787674446  0
10 16,833164827239884  0  0  0
11  0 10,722214198043103  0  0
12 15,827875760923051  0  0  0
13  0 19,037958039087187  0  0
14  0  0  0 4,408950423724301
15  0  0 7,861856192166266  0
