N 15
M 250
K Alumina Bauxita Manganes Ferro ;
L 2
v
1 8
2 16
a
1 1
2 2
3 3
4 3
5 3
6 3
7 3
8 4
9 6
10 8
11 10
12 12
13 12
14 12
15 13
e
Alumina 23,76159942196836
Bauxita 19,861216006076777
Manganes 25,509347447815777
Ferro 22,247011137217147
ck
Alumina 7,6233383201257485
Bauxita 7,434999852676135
Manganes 3,410330851982857
Ferro 4,624348248763079
q Bauxita Alumina Manganes Ferro
1  0 18,857441918693127  0  0
2 15,462386597537433  0  0  0
3 11,071159443257212  0  0  0
4  0  0 9,810657871639993  0
5 4,523070793584555  0  0  0
6  0  0  0 9,530013820563962
7  0  0 12,523241912982078  0
8  0  0  0 7,015584019229694
9  0 17,22404509420226  0  0
10  0 17,333927043831117  0  0
11  0  0 10,39347314992744  0
12  0  0  0 12,506400641783811
13  0  0 11,339732010911039  0
14  0  0  0 11,708323719820394
15  0  0 13,119449475281911  0
