N 15
M 250
K Alumina Bauxita Manganes Ferro ;
L 2
v
1 8
2 16
a
1 1
2 1
3 2
4 2
5 4
6 5
7 5
8 6
9 6
10 7
11 7
12 7
13 8
14 8
15 8
e
Alumina 28,359061373693294
Bauxita 16,82587142353546
Manganes 22,787692910144255
Ferro 24,693687128066586
ck
Alumina 7,159433347838458
Bauxita 3,2221271168631165
Manganes 8,139448476470179
Ferro 6,283435563788995
q Bauxita Alumina Manganes Ferro
1  0 12,522921395610505  0  0
2  0 19,584724083616152  0  0
3  0  0  0 18,381625942628553
4  0  0 11,004915139312322  0
5  0  0  0 5,872838194827654
6  0  0 6,136611208246695  0
7  0  0  0 5,101898325527644
8  0 17,001113767818133  0  0
9  0 14,413995591793988  0  0
10 10,145929753066095  0  0  0
11  0  0 9,638865216945007  0
12  0  0 13,361916487447997  0
13 6,914994715557649  0  0  0
14  0  0 15,438655638975726  0
15 7,900765414300423  0  0  0
