N 15
M 250
K Alumina Bauxita Manganes Ferro ;
L 2
v
1 8
2 16
a
1 1
2 1
3 1
4 1
5 2
6 4
7 6
8 6
9 6
10 8
11 8
12 8
13 10
14 10
15 10
e
Alumina 18,732182202182763
Bauxita 18,41408386265658
Manganes 19,367854581948254
Ferro 22,783897673431703
ck
Alumina 3,8423994824470165
Bauxita 9,617474507190945
Manganes 9,422715150777753
Ferro 5,245755882354588
q Bauxita Alumina Manganes Ferro
1 15,898987272063902  0  0  0
2  0  0  0 14,881295336836278
3  0  0 14,922734273928075  0
4  0  0 17,721811436397722  0
5  0 7,646571830539623  0  0
6  0  0  0 5,9167942208743
7  0  0 5,93480086729271  0
8  0  0  0 15,278633682085301
9  0  0 4,280804646143972  0
10  0 11,35232375263263  0  0
11  0  0 14,731098849867942  0
12 15,312493141199916  0  0  0
13  0 9,013615889212838  0  0
14  0 4,165503235166563  0  0
15 17,961205699081063  0  0  0
