N 15
M 250
K Alumina Bauxita Manganes Ferro ;
L 2
v
1 8
2 16
a
1 1
2 1
3 1
4 1
5 1
6 2
7 2
8 2
9 2
10 4
11 5
12 5
13 6
14 6
15 6
e
Alumina 20,71487846984888
Bauxita 29,311111113500083
Manganes 17,596921331857136
Ferro 17,28890364136413
ck
Alumina 3,6765682434589957
Bauxita 4,482263627872287
Manganes 8,687233768017173
Ferro 4,621436893783853
q Bauxita Alumina Manganes Ferro
1  0  0  0 19,778301238703758
2  0 4,609219247956865  0  0
3  0 17,652851102494072  0  0
4  0  0  0 12,91552091367873
5  0 8,28868743978412  0  0
6 16,42932393134546  0  0  0
7 18,082999415142584  0  0  0
8  0  0 17,52833986326044  0
9  0  0  0 19,396463286124472
10 7,162110536971273  0  0  0
11  0 11,929692179414081  0  0
12 15,937205301138967  0  0  0
13  0  0 14,401878515464533  0
14  0  0  0 15,415276745808319
15  0  0 4,195500083670025  0
