N 15
M 250
K Alumina Bauxita Manganes Ferro ;
L 2
v
1 8
2 16
a
1 1
2 2
3 4
4 6
5 7
6 8
7 8
8 10
9 12
10 12
11 13
12 15
13 15
14 16
15 18
e
Alumina 21,707637450003787
Bauxita 28,602141693696147
Manganes 19,183047618469985
Ferro 17,642905243659555
ck
Alumina 8,759822438751815
Bauxita 6,115041768082246
Manganes 5,709534092134181
Ferro 8,693341730413799
q Bauxita Alumina Manganes Ferro
1  0  0  0 13,938078825673308
2  0 6,76113582421722  0  0
3  0  0 16,218958085111666  0
4  0 12,974633947976775  0  0
5  0 10,751171488801377  0  0
6 5,718102724834804  0  0  0
7  0  0 6,947947997660075  0
8  0  0 19,01940757001733  0
9 14,88224951379717  0  0  0
10  0 4,655652872653528  0  0
11  0  0 6,281676847818137  0
12  0 19,60912281401466  0  0
13  0 18,591203039406228  0  0
14 11,397219119747119  0  0  0
15 14,170664814875714  0  0  0
