N 15
M 250
K Alumina Bauxita Manganes Ferro ;
L 3
v
1 8
2 16
3 24
a
1 1
2 3
3 5
4 6
5 6
6 8
7 10
8 12
9 12
10 13
11 13
12 13
13 13
14 15
15 16
e
Alumina 23,083801532743504
Bauxita 23,300194031611248
Manganes 20,832972427545645
Ferro 21,80193512880743
ck
Alumina 9,090379232957638
Bauxita 5,659663778076068
Manganes 7,2186019288731185
Ferro 6,312563216473871
q Bauxita Alumina Manganes Ferro
1  0 9,414086190133235  0  0
2  0  0 16,10300731368479  0
3  0 18,697719821996536  0  0
4 12,300554373508556  0  0  0
5  0 15,918734248661215  0  0
6  0 17,107536359503577  0  0
7  0 19,76840042726704  0  0
8 9,959737183134791  0  0  0
9  0 16,891165109971162  0  0
10  0  0 11,837609730622441  0
11  0  0  0 14,415782100009102
12  0  0 17,219704792837994  0
13 6,236291153116547  0  0  0
14  0 9,643394092706938  0  0
15  0 9,543190697933172  0  0
