N 15
M 250
K Alumina Bauxita Manganes Ferro ;
L 3
v
1 8
2 16
3 24
a
1 1
2 2
3 2
4 4
5 6
6 7
7 9
8 10
9 11
10 11
11 13
12 13
13 14
14 16
15 18
e
Alumina 21,984467237560228
Bauxita 26,875025024447634
Manganes 17,860258396758184
Ferro 26,040988373187545
ck
Alumina 9,35236073690485
Bauxita 7,3664501653552925
Manganes 5,163831251939575
Ferro 5,343998563245631
q Bauxita Alumina Manganes Ferro
1 15,99639332950778  0  0  0
2  0 13,9718057851442  0  0
3  0  0  0 5,0271344300404746
4  0  0 18,89550836159357  0
5  0  0  0 10,748428364476991
6  0 11,686989982428177  0  0
7  0  0 12,904869743575059  0
8  0 7,310209033277399  0  0
9  0  0 6,063662833654973  0
10  0  0  0 5,403138165348107
11  0  0 17,198433043134134  0
12  0 11,85151949760816  0  0
13  0 11,27550738094538  0  0
14  0 14,572289844987532  0  0
15  0 6,015437393090515  0  0
