N 15
M 250
K Alumina Bauxita Manganes Ferro ;
L 3
v
1 8
2 16
3 24
a
1 1
2 1
3 1
4 3
5 5
6 5
7 6
8 8
9 8
10 8
11 10
12 11
13 12
14 14
15 16
e
Alumina 22,176366124950718
Bauxita 17,956889165222
Manganes 18,28949986113636
Ferro 25,014705443285067
ck
Alumina 8,73002476255079
Bauxita 7,120701378606108
Manganes 9,851881773852902
Ferro 4,197993280387229
q Bauxita Alumina Manganes Ferro
1 4,365008900942444  0  0  0
2  0 12,406160265179883  0  0
3  0 12,033122387866834  0  0
4  0 16,434540393761402  0  0
5  0  0  0 13,543669471942728
6  0  0  0 6,145494555403134
7 8,877691061681874  0  0  0
8 19,339218293890173  0  0  0
9 19,76219275140688  0  0  0
10  0  0 9,353479117569314  0
11  0 9,182685693200142  0  0
12  0  0  0 12,429251752266836
13  0 6,264108164459069  0  0
14  0  0  0 14,324740049884486
15  0  0  0 9,837141207704267
