N 15
M 250
K Alumina Bauxita Manganes Ferro ;
L 3
v
1 8
2 16
3 24
a
1 1
2 1
3 2
4 3
5 5
6 6
7 8
8 8
9 8
10 10
11 10
12 10
13 12
14 14
15 15
e
Alumina 25,546992176493525
Bauxita 29,5559231223759
Manganes 15,90459465368883
Ferro 22,255446236536674
ck
Alumina 6,895970476662221
Bauxita 3,5871800644636243
Manganes 9,876585099728903
Ferro 9,453757279901993
q Bauxita Alumina Manganes Ferro
1  0  0  0 17,637263548065974
2  0  0  0 5,106014901875653
3 8,949366174146482  0  0  0
4  0  0 11,660906553655506  0
5  0  0 15,320338773129006  0
6  0 18,26420957541969  0  0
7  0 8,870001946578588  0  0
8  0  0  0 12,630095893573511
9  0  0  0 6,866964137544489
10 12,381265326477935  0  0  0
11  0  0  0 4,018472154984606
12  0 11,750782881880442  0  0
13  0 7,826038560252666  0  0
14 8,033947789029664  0  0  0
15  0 4,09738369611985  0  0
