N 15
M 250
K Alumina Bauxita Manganes Ferro ;
L 3
v
1 8
2 16
3 24
a
1 1
2 1
3 2
4 4
5 4
6 6
7 7
8 8
9 10
10 11
11 11
12 13
13 15
14 16
15 16
e
Alumina 29,9992874472499
Bauxita 21,522103316997516
Manganes 26,35078599030188
Ferro 25,54177035068959
ck
Alumina 8,758797142488053
Bauxita 5,058015743491005
Manganes 8,92393787347456
Ferro 6,576616774744476
q Bauxita Alumina Manganes Ferro
1  0  0  0 15,964857877358186
2  0 11,303034452267195  0  0
3  0  0 7,251268765762324  0
4 12,905706266747488  0  0  0
5  0  0 14,034703425873781  0
6  0  0  0 5,005705211915423
7  0  0  0 15,17262936102982
8  0  0  0 13,333277474172585
9 13,605747983789474  0  0  0
10  0  0  0 11,783102808970805
11  0 15,383280530890357  0  0
12  0  0  0 19,668175996970255
13  0  0 8,014571999456836  0
14  0  0 19,110743249016068  0
15 11,34475628058449  0  0  0
