N 15
M 250
K Alumina Bauxita Manganes Ferro ;
L 4
v
1 8
2 16
3 24
4 8
a
1 1
2 2
3 2
4 2
5 2
6 2
7 2
8 4
9 4
10 6
11 7
12 9
13 9
14 11
15 12
e
Alumina 24,881245746650965
Bauxita 23,397868466877128
Manganes 25,135906854176255
Ferro 22,807524000989286
ck
Alumina 5,796160257544845
Bauxita 6,907950636228418
Manganes 5,8466669618773945
Ferro 4,449068159135091
q Bauxita Alumina Manganes Ferro
1  0  0 16,47215874674839  0
2  0 9,928870769521138  0  0
3 17,9852535136295  0  0  0
4 14,965005480489374  0  0  0
5 11,612403288035635  0  0  0
6  0  0 9,293343999770128  0
7  0  0 9,062374365813668  0
8  0 16,185022639441915  0  0
9  0  0  0 18,79278966527856
10  0  0 16,376900715102106  0
11  0  0 4,659787032516926  0
12 16,610596263320957  0  0  0
13  0  0 17,49461949033428  0
14  0 9,931383617133122  0  0
15 7,711620310460599  0  0  0
