N 15
M 250
K Alumina Bauxita Manganes Ferro ;
L 4
v
1 8
2 16
3 24
4 8
a
1 1
2 2
3 2
4 4
5 5
6 7
7 9
8 9
9 11
10 11
11 11
12 12
13 13
14 14
15 16
e
Alumina 18,85652582523422
Bauxita 29,296272315850807
Manganes 18,20678823673337
Ferro 15,150792769778322
ck
Alumina 6,816198392180961
Bauxita 8,343773896902388
Manganes 6,959132365941451
Ferro 6,562177837040967
q Bauxita Alumina Manganes Ferro
1  0 17,243457966634033  0  0
2 4,813647634312169  0  0  0
3  0  0  0 9,955514713198925
4  0  0  0 13,136772359824272
5  0  0  0 5,319057768264614
6 7,678492998093413  0  0  0
7  0 19,60693063353827  0  0
8  0  0 16,24173980873669  0
9  0  0 14,700712581465021  0
10  0  0 11,541659625820941  0
11  0  0 17,01074694000449  0
12  0  0  0 16,486398908875323
13  0  0  0 9,92977041935356
14  0 14,410868900522148  0  0
15 17,195646798160837  0  0  0
