N 15
M 250
K Alumina Bauxita Manganes Ferro ;
L 4
v
1 8
2 16
3 24
4 8
a
1 1
2 1
3 1
4 3
5 5
6 6
7 8
8 8
9 8
10 9
11 11
12 13
13 14
14 14
15 14
e
Alumina 19,211494887804
Bauxita 16,64574871669367
Manganes 24,249727069719246
Ferro 15,47299967351156
ck
Alumina 3,7394507366927643
Bauxita 9,566609686166535
Manganes 7,962913917179248
Ferro 3,4816311634252757
q Bauxita Alumina Manganes Ferro
1  0 13,579074788513369  0  0
2 17,07113432601698  0  0  0
3  0  0  0 12,224211177254205
4  0 19,56885009923647  0  0
5  0  0 7,8993295371074925  0
6 9,664603038221605  0  0  0
7  0 13,677441458235982  0  0
8 6,368088707052673  0  0  0
9  0  0  0 11,659557109232736
10 17,051613917955148  0  0  0
11  0  0  0 18,16032666849569
12  0  0 12,698781560789111  0
13 19,86808258638661  0  0  0
14  0  0 6,536675391602866  0
15  0  0  0 10,115255972537993
