N 15
M 250
K Alumina Bauxita Manganes Ferro ;
L 4
v
1 8
2 16
3 24
4 8
a
1 1
2 1
3 3
4 5
5 5
6 7
7 8
8 8
9 9
10 10
11 11
12 12
13 13
14 14
15 15
e
Alumina 24,221449345342883
Bauxita 17,177743360707616
Manganes 27,65038772360939
Ferro 23,349568954108303
ck
Alumina 4,785004740761547
Bauxita 7,280378454356541
Manganes 9,137484453543612
Ferro 6,935282234901882
q Bauxita Alumina Manganes Ferro
1  0 13,963410223008408  0  0
2  0  0  0 7,842922360224685
3 7,665717107904813  0  0  0
4 19,774911169150926  0  0  0
5  0  0 7,070918265417561  0
6 4,339187884900808  0  0  0
7  0  0 4,556536569419791  0
8  0 10,367207000528424  0  0
9  0  0  0 18,06192682518076
10 16,969427911296506  0  0  0
11 9,964576539452937  0  0  0
12  0  0  0 18,976400885055096
13  0 5,94929087598512  0  0
14 18,457607979546836  0  0  0
15  0  0  0 4,633288057346835
