N 15
M 250
K Alumina Bauxita Manganes Ferro ;
L 4
v
1 8
2 16
3 24
4 8
a
1 1
2 3
3 4
4 4
5 5
6 6
7 7
8 9
9 9
10 10
11 12
12 14
13 14
14 15
15 17
e
Alumina 29,97518433206973
Bauxita 26,738597743751004
Manganes 15,623708459578683
Ferro 25,996590490446774
ck
Alumina 9,786536131968923
Bauxita 7,976523715656522
Manganes 4,515684902474514
Ferro 9,069000463936078
q Bauxita Alumina Manganes Ferro
1  0 19,08301497549685  0  0
2  0 11,286881612689397  0  0
3 19,367467779830378  0  0  0
4  0  0 14,696749515291687  0
5  0 16,40450915005668  0  0
6  0  0  0 18,258481758524272
7  0  0 14,244312106508385  0
8  0 6,648726537094943  0  0
9  0  0  0 15,755267987091884
10  0  0  0 7,105733559418036
11  0 4,75473830814237  0  0
12  0  0  0 19,787764686645943
13 8,402749616310745  0  0  0
14 17,195858688098365  0  0  0
15  0  0 12,015860274768771  0
