N 15
M 250
K Alumina Bauxita Manganes Ferro ;
L 5
v
1 8
2 16
3 24
4 8
5 16
a
1 1
2 2
3 4
4 5
5 6
6 8
7 10
8 10
9 12
10 13
11 14
12 15
13 17
14 18
15 19
e
Alumina 16,391974012064722
Bauxita 24,754058230985105
Manganes 23,29468665318259
Ferro 19,960034697393567
ck
Alumina 4,6873629485241315
Bauxita 6,970909775449838
Manganes 9,866284015331257
Ferro 8,162733217914045
q Bauxita Alumina Manganes Ferro
1  0  0 6,089006828105713  0
2 12,281065225594984  0  0  0
3  0  0  0 8,121942231845916
4  0  0 10,416848460428396  0
5  0 4,250084341934986  0  0
6  0  0  0 13,122619013941458
7  0  0 7,823671898219219  0
8  0  0 15,318616491075995  0
9 5,409269115329057  0  0  0
10  0  0 4,282071059598822  0
11  0  0 19,489055974578925  0
12  0  0  0 13,349050449808827
13  0 14,457949961307355  0  0
14  0  0  0 4,754493243185012
15  0 18,248263070623317  0  0
