N 15
M 250
K Alumina Bauxita Manganes Ferro ;
L 5
v
1 8
2 16
3 24
4 8
5 16
a
1 1
2 3
3 4
4 6
5 6
6 6
7 7
8 7
9 7
10 7
11 9
12 9
13 9
14 9
15 9
e
Alumina 26,019875848130358
Bauxita 23,93614368645289
Manganes 22,68412007035856
Ferro 24,4905129480783
ck
Alumina 4,07583650598502
Bauxita 8,261306414907262
Manganes 3,227327938398518
Ferro 5,710901489099259
q Bauxita Alumina Manganes Ferro
1  0 17,725126572407888  0  0
2  0  0  0 13,96783490775047
3  0  0 4,51644725654416  0
4  0  0  0 9,298713400731348
5  0  0  0 13,434351915540539
6  0  0 19,522163592550317  0
7 6,1956088010106924  0  0  0
8  0 12,268214451287129  0  0
9 17,2360911033156  0  0  0
10  0 14,374912081888006  0  0
11  0  0 8,96704318670544  0
12  0 6,035259228276027  0  0
13 16,265034563408825  0  0  0
14 16,090850074737233  0  0  0
15  0 17,70208084612736  0  0
