N 15
M 250
K Alumina Bauxita Manganes Ferro ;
L 5
v
1 8
2 16
3 24
4 8
5 16
a
1 1
2 2
3 4
4 5
5 7
6 7
7 8
8 10
9 10
10 10
11 12
12 12
13 12
14 13
15 13
e
Alumina 18,257042289271414
Bauxita 19,993716120962826
Manganes 25,77577775173333
Ferro 29,759789972572623
ck
Alumina 7,602357259429211
Bauxita 3,3363874061218057
Manganes 5,27790724543873
Ferro 8,384711070863363
q Bauxita Alumina Manganes Ferro
1  0  0 15,31021756192832  0
2 10,459605716887474  0  0  0
3 10,518277472584543  0  0  0
4 10,379772373149857  0  0  0
5 13,826383363529086  0  0  0
6  0  0 8,058715067215418  0
7 10,065256493219016  0  0  0
8  0  0  0 16,836223512105427
9  0 11,313688130952237  0  0
10 10,769426018008126  0  0  0
11  0  0  0 6,855653614478072
12  0 14,222771889845665  0  0
13  0  0  0 12,145551188790751
14 13,284627517477965  0  0  0
15  0  0  0 18,30851105426349
