N 15
M 250
K Alumina Bauxita Manganes Ferro ;
L 5
v
1 8
2 16
3 24
4 8
5 16
a
1 1
2 2
3 3
4 4
5 6
6 7
7 8
8 9
9 10
10 11
11 13
12 13
13 14
14 16
15 18
e
Alumina 24,384116731136714
Bauxita 20,663135159553804
Manganes 28,55328015096479
Ferro 27,912086552009836
ck
Alumina 3,917050849146824
Bauxita 9,478362150735073
Manganes 4,084509937429616
Ferro 6,872669035567609
q Bauxita Alumina Manganes Ferro
1  0 19,218123668043702  0  0
2  0  0 12,514799330349621  0
3  0  0  0 18,86006782039461
4  0  0  0 6,620776574958356
5  0  0 18,125604027888166  0
6  0 14,809096315306538  0  0
7 12,210203732927614  0  0  0
8  0  0 6,331970119920072  0
9  0  0  0 10,465899426488694
10  0 18,098704893969604  0  0
11 15,81066911209222  0  0  0
12  0  0 16,079293528411743  0
13  0  0 16,359037733198456  0
14  0 13,664529919552944  0  0
15  0  0  0 15,70368262560377
