N 15
M 250
K Alumina Bauxita Manganes Ferro ;
L 5
v
1 8
2 16
3 24
4 8
5 16
a
1 1
2 1
3 2
4 4
5 5
6 7
7 8
8 10
9 12
10 12
11 14
12 15
13 17
14 19
15 21
e
Alumina 23,128886872743784
Bauxita 29,25776931427614
Manganes 16,653662217371892
Ferro 16,43032127582609
ck
Alumina 9,393597847604381
Bauxita 5,476073785018423
Manganes 3,0464490849241637
Ferro 3,9600935301168763
q Bauxita Alumina Manganes Ferro
1 4,331254331883409  0  0  0
2  0 17,998922962635966  0  0
3 12,271047108268196  0  0  0
4 15,432937776944998  0  0  0
5  0  0  0 12,216818415676448
6  0  0  0 9,282454004879131
7 13,263920648507325  0  0  0
8  0  0  0 13,298480046849686
9 16,654321315646804  0  0  0
10  0  0 5,203347915474627  0
11  0 6,834422093196164  0  0
12  0  0 16,550063863484574  0
13  0  0  0 16,59231929348759
14  0  0  0 6,134397951733467
15  0 14,699530042811332  0  0
