N 15
M 250
K Alumina Bauxita Manganes Ferro ;
L 6
v
1 8
2 16
3 24
4 8
5 16
6 24
a
1 1
2 3
3 4
4 5
5 7
6 8
7 10
8 12
9 14
10 14
11 14
12 14
13 15
14 17
15 19
e
Alumina 22,779796001497672
Bauxita 20,03018243401805
Manganes 20,464709254338096
Ferro 18,672323227829494
ck
Alumina 8,759825890576778
Bauxita 8,886185072939702
Manganes 6,6066258320667615
Ferro 3,629233361409748
q Bauxita Alumina Manganes Ferro
1  0  0  0 6,133469950775002
2 7,103642157418726  0  0  0
3 13,131362628414049  0  0  0
4  0 19,813877920353224  0  0
5  0  0  0 12,879074072832973
6 14,54754530501006  0  0  0
7  0  0 9,043226554273922  0
8 14,965557521731489  0  0  0
9  0 5,658206067240686  0  0
10  0  0 8,507610559638998  0
11  0  0  0 18,37765752660063
12  0 12,566893160292755  0  0
13  0  0 11,956422035745797  0
14  0 18,495354950643375  0  0
15  0  0  0 16,35011280316092
