N 15
M 250
K Alumina Bauxita Manganes Ferro ;
L 6
v
1 8
2 16
3 24
4 8
5 16
6 24
a
1 1
2 1
3 2
4 4
5 4
6 5
7 6
8 7
9 7
10 8
11 10
12 12
13 14
14 15
15 17
e
Alumina 16,78960037128513
Bauxita 16,810585720557988
Manganes 27,657267814841106
Ferro 25,121554885277355
ck
Alumina 8,08507899508788
Bauxita 3,2896292808197827
Manganes 8,482041215645673
Ferro 7,643075863827773
q Bauxita Alumina Manganes Ferro
1  0 9,922370460113612  0  0
2  0  0 11,253963121570212  0
3  0 7,248729479320893  0  0
4  0 4,910412638327873  0  0
5  0  0 19,440337671504622  0
6 4,2507654929568  0  0  0
7 5,022642695793754  0  0  0
8  0  0  0 7,68600221060899
9  0  0 4,0450523277785955  0
10 7,2220987010216255  0  0  0
11  0  0 16,745259204940716  0
12  0  0 8,152451334627614  0
13  0  0 15,577580328457715  0
14 11,15843538938303  0  0  0
15 6,551314404925446  0  0  0
