N 15
M 250
K Alumina Bauxita Manganes Ferro ;
L 6
v
1 8
2 16
3 24
4 8
5 16
6 24
a
1 1
2 3
3 4
4 4
5 6
6 7
7 7
8 7
9 8
10 8
11 8
12 10
13 10
14 10
15 11
e
Alumina 26,133709777116557
Bauxita 26,213871815156125
Manganes 21,686426429760903
Ferro 16,50712709605265
ck
Alumina 9,919115580341558
Bauxita 4,915701353124694
Manganes 7,398038897334729
Ferro 5,760229415148066
q Bauxita Alumina Manganes Ferro
1  0  0 6,942474745283489  0
2  0  0 19,16939792676044  0
3  0  0  0 9,18202535198285
4  0  0  0 4,569806296444781
5  0  0  0 4,013454303006492
6 12,06338249687925  0  0  0
7 15,860823478468335  0  0  0
8  0  0  0 8,156004279398633
9  0  0  0 16,3276199499698
10  0 13,505645965671912  0  0
11  0  0  0 16,249302518551048
12  0  0  0 6,918074165392477
13  0  0 10,352827150720314  0
14  0  0 17,421568464978762  0
15 14,501198632474013  0  0  0
