N 15
M 250
K Alumina Bauxita Manganes Ferro ;
L 6
v
1 8
2 16
3 24
4 8
5 16
6 24
a
1 1
2 3
3 5
4 6
5 7
6 9
7 10
8 10
9 11
10 11
11 11
12 11
13 13
14 15
15 17
e
Alumina 27,972946620625724
Bauxita 23,303409598177502
Manganes 18,555177400525963
Ferro 20,63798541037696
ck
Alumina 8,233125866247407
Bauxita 5,097858531786701
Manganes 5,916436508846655
Ferro 6,056067879208119
q Bauxita Alumina Manganes Ferro
1  0  0  0 10,603739663627126
2  0 5,277383086253046  0  0
3 16,58982344268581  0  0  0
4  0  0 19,894038578594497  0
5  0  0 11,123002942893526  0
6  0  0  0 4,199199548601097
7 19,610641406396017  0  0  0
8 19,311797071619285  0  0  0
9  0  0  0 14,929223912406846
10  0 19,094306835146476  0  0
11  0  0  0 16,534008190449615
12  0 18,809694083141686  0  0
13 18,73311696492744  0  0  0
14 13,545856601057778  0  0  0
15  0 15,436290267820123  0  0
