N 15
M 250
K Alumina Bauxita Manganes Ferro ;
L 6
v
1 8
2 16
3 24
4 8
5 16
6 24
a
1 1
2 2
3 2
4 2
5 2
6 3
7 4
8 4
9 5
10 6
11 6
12 7
13 8
14 8
15 8
e
Alumina 22,362636591599163
Bauxita 21,739489707570193
Manganes 19,32847293393701
Ferro 23,788311651921614
ck
Alumina 4,046469333711613
Bauxita 4,918184517893099
Manganes 3,583136070670993
Ferro 7,949575947445613
q Bauxita Alumina Manganes Ferro
1  0  0  0 7,046281373632084
2  0  0  0 15,515390787899937
3  0  0  0 18,795191006191416
4 13,450465915548113  0  0  0
5  0 8,18628444033338  0  0
6 6,974762649824672  0  0  0
7  0  0 11,700353503800915  0
8  0 7,887503352413146  0  0
9  0  0 17,505960486239957  0
10 8,08453808184886  0  0  0
11  0 6,100560318666615  0  0
12  0 6,771205292087263  0  0
13 11,284960623188876  0  0  0
14  0  0  0 7,499586249456417
15 6,736835088938875  0  0  0
