N 20
M 250
K Alumina Bauxita Manganes Ferro ;
L 1
v
1 8
a
1 1
2 3
3 4
4 6
5 7
6 7
7 9
8 9
9 10
10 10
11 10
12 11
13 11
14 12
15 12
16 12
17 13
18 14
19 15
20 16
e
Alumina 29,379680357521945
Bauxita 19,001391676328367
Manganes 22,549971306705697
Ferro 24,71708824152266
ck
Alumina 5,206442651541229
Bauxita 7,929250325446228
Manganes 3,11909767751221
Ferro 8,549293800205675
q Bauxita Alumina Manganes Ferro
1  0  0 5,385468887682164  0
2  0  0 18,726959366941646  0
3  0  0 9,348435946510863  0
4  0  0  0 14,291819778315814
5 14,025062786590913  0  0  0
6  0  0  0 15,567535867289118
7  0 18,753125483078833  0  0
8  0  0  0 13,40846740499799
9  0  0 6,986134386124283  0
10 4,908117383849744  0  0  0
11  0 4,995491928721259  0  0
12  0 6,172226426986359  0  0
13  0 10,745891077065274  0  0
14 7,127427560191428  0  0  0
15 9,21630369544024  0  0  0
16 13,13673183596176  0  0  0
17  0  0 15,134756105443198  0
18  0 5,030187228330762  0  0
19  0  0  0 19,101675926689197
20  0 13,616474306207323  0  0
