N 20
M 250
K Alumina Bauxita Manganes Ferro ;
L 1
v
1 8
a
1 1
2 2
3 3
4 5
5 5
6 6
7 8
8 9
9 9
10 11
11 13
12 13
13 14
14 14
15 15
16 15
17 17
18 19
19 19
20 20
e
Alumina 15,819912906062923
Bauxita 26,989965649377975
Manganes 15,09922703184116
Ferro 19,449113901944145
ck
Alumina 7,767077765835499
Bauxita 3,416753391862443
Manganes 7,998680913384986
Ferro 8,677441859729392
q Bauxita Alumina Manganes Ferro
1  0  0 5,299390266955864  0
2  0  0 17,92553228487347  0
3 7,149874956695417  0  0  0
4  0  0  0 16,193575225943732
5  0  0  0 16,93469961123209
6  0 18,299985608375138  0  0
7  0  0  0 6,166408478979246
8  0  0  0 9,065042116201711
9  0 14,081266578976576  0  0
10  0  0 17,20193923077633  0
11  0  0  0 8,549718279436279
12  0  0  0 10,875766396970304
13  0  0 19,19633061955963  0
14 14,61192852759392  0  0  0
15  0  0 12,848386841762416  0
16 9,170644125695523  0  0  0
17 4,196694818745584  0  0  0
18  0 11,914478184431896  0  0
19  0 8,834672420737627  0  0
20  0  0 11,951114806354244  0
