N 20
M 250
K Alumina Bauxita Manganes Ferro ;
L 1
v
1 8
a
1 1
2 2
3 4
4 6
5 7
6 8
7 9
8 9
9 11
10 11
11 13
12 13
13 13
14 13
15 13
16 15
17 17
18 19
19 20
20 20
e
Alumina 15,45507050598438
Bauxita 27,879646862281675
Manganes 21,712416200160106
Ferro 27,3160937758842
ck
Alumina 8,673293533908302
Bauxita 4,011992888524733
Manganes 4,318643189018301
Ferro 8,88077250888719
q Bauxita Alumina Manganes Ferro
1  0 8,573112806060331  0  0
2  0  0 9,74772782312287  0
3  0  0 17,29516780645764  0
4  0 14,108835810895542  0  0
5  0 11,586363761531665  0  0
6  0  0  0 7,990148522078501
7  0  0  0 17,64376947652911
8 8,723224637575433  0  0  0
9  0  0  0 7,576010176531565
10  0  0 19,035783740645424  0
11  0  0 13,421374654164019  0
12  0  0 12,578796191125313  0
13  0 19,75071660716576  0  0
14  0  0 12,669980377634921  0
15 7,126694405875121  0  0  0
16  0  0 13,524253803159349  0
17  0  0  0 18,622479761691658
18  0  0 11,32846985651226  0
19 7,6254290610173925  0  0  0
20 13,77601337673693  0  0  0
