N 20
M 250
K Alumina Bauxita Manganes Ferro ;
L 1
v
1 8
a
1 1
2 3
3 5
4 5
5 6
6 6
7 7
8 7
9 7
10 7
11 8
12 9
13 9
14 10
15 10
16 10
17 11
18 13
19 13
20 14
e
Alumina 19,583524297187395
Bauxita 17,329440181916098
Manganes 15,285112104779454
Ferro 17,57953198242981
ck
Alumina 7,086752236147763
Bauxita 6,260225135501292
Manganes 6,991910102882796
Ferro 3,454567461635897
q Bauxita Alumina Manganes Ferro
1  0  0  0 9,287185677356257
2 8,315401669784663  0  0  0
3 12,165379090138694  0  0  0
4  0  0 4,799986927859322  0
5  0 8,469875361854633  0  0
6  0  0 10,25904449964456  0
7  0 6,385024733318431  0  0
8  0  0  0 15,160108403414737
9  0 11,649479343281765  0  0
10  0 19,50348356862498  0  0
11 10,879661149054298  0  0  0
12  0  0 5,659744400532322  0
13  0  0 8,004338948669105  0
14 10,875233577031704  0  0  0
15  0 15,73499985378566  0  0
16 6,335338113829721  0  0  0
17  0  0 18,85625617297334  0
18  0  0 19,26504475479306  0
19  0  0  0 9,922476229939964
20  0  0 9,129631184758287  0
