N 20
M 250
K Alumina Bauxita Manganes Ferro ;
L 1
v
1 8
a
1 1
2 3
3 3
4 4
5 6
6 7
7 9
8 11
9 13
10 13
11 14
12 15
13 15
14 17
15 19
16 20
17 20
18 21
19 21
20 22
e
Alumina 17,182148131917522
Bauxita 28,164601205709893
Manganes 18,224944666340253
Ferro 29,29678108846518
ck
Alumina 4,890677217733406
Bauxita 7,3694871359214575
Manganes 5,569609844147121
Ferro 4,81624330296486
q Bauxita Alumina Manganes Ferro
1  0  0 17,158129401451973  0
2  0  0  0 4,103074544356893
3 16,433913004985474  0  0  0
4 15,020126780558744  0  0  0
5  0 9,810878042047788  0  0
6  0  0  0 14,363677938702036
7 5,565688077262713  0  0  0
8 7,945145335817973  0  0  0
9  0  0  0 19,772409151927416
10  0  0  0 8,526100475763547
11 13,717201506197375  0  0  0
12 14,112906436065156  0  0  0
13 18,79481939082745  0  0  0
14  0 11,242182982914581  0  0
15  0 19,932645335439794  0  0
16  0  0 12,92794643901633  0
17 18,661296547724753  0  0  0
18  0  0  0 11,74780197717207
19 9,799547069337752  0  0  0
20 15,888553362995305  0  0  0
