N 20
M 250
K Alumina Bauxita Manganes Ferro ;
L 2
v
1 8
2 16
a
1 1
2 3
3 4
4 6
5 7
6 9
7 11
8 12
9 13
10 13
11 13
12 14
13 14
14 15
15 15
16 15
17 16
18 17
19 19
20 21
e
Alumina 27,41907307059782
Bauxita 17,380808250510455
Manganes 23,596289719068565
Ferro 22,169820924239954
ck
Alumina 3,843309996654651
Bauxita 8,893570369313288
Manganes 5,7978385465425
Ferro 8,743681393913672
q Bauxita Alumina Manganes Ferro
1  0  0 14,45499232650744  0
2 18,63160512397002  0  0  0
3  0  0 18,88385037323375  0
4  0  0 12,539837828859522  0
5  0 7,146350362106865  0  0
6 16,930028431946553  0  0  0
7  0  0 5,757534662214111  0
8  0  0 7,368778185173863  0
9  0 7,6890398973404  0  0
10  0  0  0 19,11204150309912
11  0  0 14,080913902327064  0
12  0  0 14,29979836622641  0
13  0 16,439312248143832  0  0
14  0 7,710537803456877  0  0
15  0  0 9,71424545930797  0
16  0 17,813929829367112  0  0
17 7,451727610211156  0  0  0
18  0  0 12,983553702105503  0
19  0  0 15,359982737869938  0
20  0  0  0 10,498381974883856
