N 20
M 250
K Alumina Bauxita Manganes Ferro ;
L 2
v
1 8
2 16
a
1 1
2 3
3 5
4 6
5 7
6 7
7 9
8 9
9 10
10 11
11 12
12 14
13 15
14 16
15 18
16 20
17 21
18 22
19 23
20 24
e
Alumina 25,773346552467064
Bauxita 16,158276337495074
Manganes 21,834397165743788
Ferro 23,980467941949335
ck
Alumina 3,576264933675777
Bauxita 9,184098776109604
Manganes 9,038809030871898
Ferro 8,591956384169489
q Bauxita Alumina Manganes Ferro
1 11,073529929734947  0  0  0
2  0  0  0 7,284036518717745
3  0  0 10,659529738527375  0
4  0 11,669417409079418  0  0
5  0  0 10,295353456558102  0
6 9,83915659365312  0  0  0
7 4,911606696396143  0  0  0
8  0 10,34665141904563  0  0
9  0 19,227937608246272  0  0
10  0  0  0 15,17600977391742
11  0  0 4,856442237258367  0
12  0 6,569070395666104  0  0
13  0 9,144661157861924  0  0
14 19,905490188780483  0  0  0
15  0  0  0 4,66422552189705
16 18,55081044098334  0  0  0
17 19,56102351111549  0  0  0
18 19,005807470491995  0  0  0
19  0  0  0 4,222812637022347
20 10,234896331882785  0  0  0
