N 20
M 250
K Alumina Bauxita Manganes Ferro ;
L 2
v
1 8
2 16
a
1 1
2 1
3 3
4 5
5 7
6 8
7 9
8 11
9 12
10 12
11 14
12 15
13 16
14 17
15 18
16 18
17 18
18 19
19 20
20 21
e
Alumina 26,423321394824544
Bauxita 19,485638536753907
Manganes 16,5727951235666
Ferro 28,320169298023824
ck
Alumina 7,227316981243527
Bauxita 9,049938811278048
Manganes 8,277271012267352
Ferro 3,4949734262724506
q Bauxita Alumina Manganes Ferro
1  0  0 10,575141200348128  0
2  0  0 13,680050285699336  0
3  0  0 15,519593365656164  0
4  0  0 18,45803088998131  0
5  0  0 14,199748552058173  0
6  0  0  0 10,495476576689603
7 12,20093705043395  0  0  0
8  0  0  0 5,029744216629389
9  0  0 7,858374508199468  0
10 16,28538045975592  0  0  0
11 14,298089203779604  0  0  0
12  0  0 14,745682001953659  0
13  0  0 12,016107727754806  0
14  0  0  0 11,777293626728618
15  0  0  0 9,778129012020706
16  0  0 10,054006136059677  0
17  0  0  0 12,548319792536406
18  0 8,696070842563714  0  0
19  0  0 4,071987923850218  0
20  0  0 8,809453087979293  0
