N 20
M 250
K Alumina Bauxita Manganes Ferro ;
L 2
v
1 8
2 16
a
1 1
2 3
3 3
4 3
5 5
6 5
7 5
8 5
9 7
10 8
11 9
12 10
13 12
14 13
15 15
16 16
17 18
18 18
19 19
20 21
e
Alumina 22,099143523716066
Bauxita 21,800609065205336
Manganes 26,498497099971658
Ferro 26,52751518791589
ck
Alumina 5,8590294228606785
Bauxita 5,088433476996161
Manganes 9,52329858551582
Ferro 4,122568583008173
q Bauxita Alumina Manganes Ferro
1  0 19,003167935355698  0  0
2 10,480955472761247  0  0  0
3  0  0 10,259275267031043  0
4  0 14,444855214514694  0  0
5  0  0  0 4,424870011757632
6  0  0 10,421462811749658  0
7 15,402576393955703  0  0  0
8  0  0  0 17,891363977729508
9  0 19,491087715138217  0  0
10 15,023175722751825  0  0  0
11  0  0  0 10,457287363734407
12 19,952312191368893  0  0  0
13  0  0 6,375837891035273  0
14  0  0  0 14,644856717637149
15  0  0  0 7,682767519779338
16  0 16,00906519234315  0  0
17  0  0  0 18,892753655464176
18  0  0  0 19,947869504942638
19  0  0  0 16,67952519903622
20  0 17,556773269575093  0  0
