N 20
M 250
K Alumina Bauxita Manganes Ferro ;
L 2
v
1 8
2 16
a
1 1
2 3
3 3
4 4
5 6
6 7
7 9
8 11
9 12
10 14
11 15
12 17
13 18
14 20
15 20
16 22
17 23
18 24
19 25
20 26
e
Alumina 18,31326107522388
Bauxita 16,77816047468607
Manganes 20,685519891269724
Ferro 28,11137468987193
ck
Alumina 7,9003518251377
Bauxita 6,839147393423205
Manganes 5,574760977831794
Ferro 5,986331029208947
q Bauxita Alumina Manganes Ferro
1 11,899325579931162  0  0  0
2  0  0 12,959859682000186  0
3  0 15,389551434456159  0  0
4  0 9,825505164627605  0  0
5  0  0 15,158071912250666  0
6  0  0  0 19,42891378527198
7  0 4,234377890459632  0  0
8  0 14,386271000423704  0  0
9  0  0 18,225802176205946  0
10 18,874320346853406  0  0  0
11  0  0  0 5,589367355561313
12  0 19,454889930967155  0  0
13  0  0  0 11,021677402715785
14  0  0 6,434121184163866  0
15  0  0 11,584137680523096  0
16 12,109070688049124  0  0  0
17  0  0 12,515138789382128  0
18  0 18,969022049754642  0  0
19  0 18,034247278858132  0  0
20  0  0 11,00263496848844  0
