N 20
M 250
K Alumina Bauxita Manganes Ferro ;
L 3
v
1 8
2 16
3 24
a
1 1
2 2
3 3
4 5
5 5
6 6
7 7
8 8
9 9
10 9
11 9
12 11
13 13
14 14
15 14
16 15
17 17
18 17
19 18
20 18
e
Alumina 15,444675479565962
Bauxita 27,786838548916084
Manganes 23,356125893910363
Ferro 25,226999055380904
ck
Alumina 5,64633439109496
Bauxita 3,2345627862588744
Manganes 3,4207740063171315
Ferro 6,306124519075028
q Bauxita Alumina Manganes Ferro
1  0 11,342964728876836  0  0
2 4,690217186088137  0  0  0
3  0  0  0 6,528903779606386
4  0 4,11426898833315  0  0
5  0  0 12,436873281086315  0
6  0  0  0 16,793530192534174
7  0  0  0 16,405730936644044
8 13,2035312486565  0  0  0
9  0  0  0 13,091378228656717
10 13,02183925906425  0  0  0
11 13,87523638851474  0  0  0
12  0  0 18,474192396306407  0
13  0  0 14,039303813207365  0
14  0  0 15,798291870876323  0
15  0  0 19,055919513874155  0
16  0 10,600746406253878  0  0
17  0  0  0 14,66223654893131
18 8,460158769649107  0  0  0
19  0  0  0 17,656279887923375
20  0  0 14,710411184158776  0
