N 20
M 250
K Alumina Bauxita Manganes Ferro ;
L 3
v
1 8
2 16
3 24
a
1 1
2 1
3 3
4 4
5 6
6 6
7 7
8 9
9 9
10 9
11 10
12 11
13 12
14 12
15 13
16 15
17 17
18 18
19 18
20 20
e
Alumina 17,700004139094993
Bauxita 15,697558332623604
Manganes 17,42385556627928
Ferro 26,49420073038914
ck
Alumina 7,887183647116687
Bauxita 8,613433498720013
Manganes 7,903772809326689
Ferro 6,307915721425674
q Bauxita Alumina Manganes Ferro
1  0  0 5,482778088267539  0
2  0 15,397365985689172  0  0
3  0  0 11,991582743892641  0
4  0  0 12,259882612301872  0
5  0 16,240638126726168  0  0
6  0  0  0 16,417126344593687
7  0  0 5,685276104017763  0
8  0 7,894473768214631  0  0
9 13,46971349076875  0  0  0
10  0  0  0 11,692380373946534
11 15,438194562337397  0  0  0
12  0  0  0 6,369719547708936
13  0  0 13,670479121655745  0
14  0 4,356621484584712  0  0
15  0  0  0 17,608919936595413
16  0 19,747051157822142  0  0
17  0  0 9,851035222480691  0
18  0 18,58257813224883  0  0
19  0  0 14,152903287306547  0
20  0  0 18,080338152155015  0
