N 20
M 250
K Alumina Bauxita Manganes Ferro ;
L 3
v
1 8
2 16
3 24
a
1 1
2 3
3 5
4 6
5 8
6 8
7 9
8 9
9 10
10 10
11 12
12 12
13 12
14 12
15 12
16 13
17 13
18 14
19 15
20 15
e
Alumina 16,759018634722192
Bauxita 29,969417683887066
Manganes 18,669239728349854
Ferro 16,692399801351407
ck
Alumina 9,68596707674065
Bauxita 5,7794640069405965
Manganes 7,854338662753268
Ferro 5,798106529506857
q Bauxita Alumina Manganes Ferro
1  0  0 11,024228763388313  0
2  0 18,766571441230273  0  0
3 6,274655224638584  0  0  0
4 17,345816260995313  0  0  0
5  0  0  0 19,027140971427265
6  0  0  0 7,502900035439879
7  0  0  0 13,978672411153415
8  0 6,51143687761798  0  0
9  0  0  0 13,624496029656015
10  0 8,83624643393364  0  0
11 13,106939708166047  0  0  0
12  0  0 12,946033984051864  0
13  0  0 13,507007418552185  0
14  0  0 13,50736760376355  0
15  0 15,769412572806747  0  0
16 10,376970098088606  0  0  0
17 9,266679189778312  0  0  0
18 6,499714528083485  0  0  0
19  0  0  0 17,955990724067675
20  0 11,649820880180267  0  0
