N 20
M 250
K Alumina Bauxita Manganes Ferro ;
L 3
v
1 8
2 16
3 24
a
1 1
2 3
3 4
4 6
5 8
6 9
7 10
8 10
9 10
10 11
11 11
12 12
13 12
14 14
15 14
16 15
17 15
18 16
19 16
20 18
e
Alumina 21,350910018319222
Bauxita 16,59161899072217
Manganes 16,15987567435969
Ferro 20,607532876810257
ck
Alumina 3,5601975289862198
Bauxita 9,585181468891887
Manganes 5,929945789669788
Ferro 6,628208229396295
q Bauxita Alumina Manganes Ferro
1 17,414428640702813  0  0  0
2  0 10,278872452737025  0  0
3  0  0  0 18,84488902264986
4  0  0 18,021284146514738  0
5 14,983517508379924  0  0  0
6  0 19,997671805210796  0  0
7  0  0 17,287066974527534  0
8  0  0 4,595002906088705  0
9 13,584423915592565  0  0  0
10 10,256679872959786  0  0  0
11 5,2808778480574095  0  0  0
12  0 12,979996090219137  0  0
13  0  0 11,040269995489938  0
14 9,34918946267035  0  0  0
15  0  0 14,223771163333055  0
16  0  0 18,343754517913176  0
17 16,335380307505517  0  0  0
18  0  0  0 5,8771092768207716
19  0  0 14,189061219755194  0
20  0  0  0 15,325689172594306
