N 20
M 250
K Alumina Bauxita Manganes Ferro ;
L 3
v
1 8
2 16
3 24
a
1 1
2 3
3 3
4 4
5 5
6 7
7 7
8 7
9 7
10 9
11 10
12 11
13 12
14 12
15 13
16 14
17 16
18 16
19 18
20 20
e
Alumina 20,040891186687006
Bauxita 21,270780790265604
Manganes 21,372044225196852
Ferro 20,656683430170027
ck
Alumina 4,634219261526003
Bauxita 5,924049396657336
Manganes 7,689258649663136
Ferro 7,4857820208457
q Bauxita Alumina Manganes Ferro
1  0  0 9,912770527847497  0
2  0 7,65249954948964  0  0
3  0 14,556750511170014  0  0
4  0  0  0 4,491843277132167
5 8,961227450974679  0  0  0
6  0  0  0 4,392391064247869
7  0 12,98533722209615  0  0
8  0  0  0 5,216396128717834
9  0 12,392689286436944  0  0
10  0 18,124202655388466  0  0
11  0  0 18,760684145271263  0
12  0  0 17,632509032675646  0
13 14,467349528885897  0  0  0
14  0  0 14,754674798251926  0
15  0  0  0 11,715618448874727
16  0  0  0 5,9450937024769885
17 11,06303855135016  0  0  0
18 11,657354960085994  0  0  0
19  0 5,2439330826409964  0  0
20  0  0  0 16,675532912384845
