N 20
M 250
K Alumina Bauxita Manganes Ferro ;
L 4
v
1 8
2 16
3 24
4 8
a
1 1
2 2
3 4
4 4
5 6
6 8
7 8
8 8
9 10
10 10
11 11
12 12
13 12
14 13
15 15
16 16
17 16
18 16
19 16
20 16
e
Alumina 16,668714922227704
Bauxita 16,290574154535314
Manganes 19,735283223530118
Ferro 18,330526867452893
ck
Alumina 9,4726952768926
Bauxita 9,962441759098429
Manganes 6,831041513697564
Ferro 8,440755818600453
q Bauxita Alumina Manganes Ferro
1  0  0 7,659684704984468  0
2  0 14,376691874848815  0  0
3 8,47999014780823  0  0  0
4 11,652968392525676  0  0  0
5  0 16,883492480751897  0  0
6  0  0 14,614777114736803  0
7 11,58105578134341  0  0  0
8 19,13091378156552  0  0  0
9  0 5,540747590090579  0  0
10  0  0 5,286909750900817  0
11  0  0 16,427455014965794  0
12  0 19,233537079912665  0  0
13  0 15,58395455554317  0  0
14  0  0  0 5,422314392230522
15  0 6,963764685755274  0  0
16  0  0  0 8,557935984825123
17  0 4,535958745756776  0  0
18  0  0  0 19,941264500499134
19 15,148135958733064  0  0  0
20 16,48078320433027  0  0  0
