N 20
M 250
K Alumina Bauxita Manganes Ferro ;
L 4
v
1 8
2 16
3 24
4 8
a
1 1
2 2
3 2
4 2
5 3
6 5
7 6
8 8
9 9
10 11
11 12
12 12
13 12
14 12
15 14
16 14
17 15
18 17
19 19
20 21
e
Alumina 17,103272470910408
Bauxita 24,023404694316973
Manganes 25,711791462810975
Ferro 18,124492076753796
ck
Alumina 6,7999594838111745
Bauxita 8,076321424927631
Manganes 8,871160567660558
Ferro 9,433996194047047
q Bauxita Alumina Manganes Ferro
1  0 9,166854460863059  0  0
2 8,887952781964215  0  0  0
3 10,146692206921632  0  0  0
4  0 8,28494123224647  0  0
5  0  0 16,43246695688218  0
6  0  0 16,781077903953282  0
7  0 15,70388436321352  0  0
8  0 17,321923204534592  0  0
9  0 6,273250647285712  0  0
10  0  0  0 7,4421237353558745
11 17,861347229817333  0  0  0
12  0  0 18,198763111559472  0
13 19,471184941508795  0  0  0
14  0  0 14,410254852587746  0
15  0  0  0 5,65123065712365
16 4,552277258074032  0  0  0
17  0 5,400583064666272  0  0
18  0  0  0 11,686637566431562
19  0 9,76830465920741  0  0
20  0  0  0 7,312270896981401
