N 20
M 250
K Alumina Bauxita Manganes Ferro ;
L 4
v
1 8
2 16
3 24
4 8
a
1 1
2 3
3 5
4 7
5 9
6 9
7 11
8 13
9 13
10 15
11 15
12 16
13 17
14 18
15 20
16 22
17 22
18 22
19 22
20 22
e
Alumina 20,8470070365698
Bauxita 20,996660500669194
Manganes 27,385191353310688
Ferro 21,105911474750094
ck
Alumina 7,889345439593057
Bauxita 3,830562507075847
Manganes 9,052010321234118
Ferro 9,11885935217003
q Bauxita Alumina Manganes Ferro
1 18,13198958010009  0  0  0
2  0 5,132813930804481  0  0
3  0  0  0 6,1527619486103085
4  0  0 19,580633845598406  0
5  0  0  0 5,230993218568006
6  0  0 13,231617350872792  0
7 16,821058230353195  0  0  0
8 12,29452029760607  0  0  0
9 17,608464886479823  0  0  0
10  0  0 13,148502252131653  0
11  0  0 12,874147194318816  0
12  0  0  0 12,379072794791732
13  0 7,535648552618024  0  0
14  0  0 6,538367348382987  0
15 6,83545330738202  0  0  0
16  0  0  0 16,59735918270683
17 14,879712681686303  0  0  0
18 7,359423806045081  0  0  0
19  0  0 5,014276182115644  0
20  0  0  0 15,525705706241054
