N 20
M 250
K Alumina Bauxita Manganes Ferro ;
L 4
v
1 8
2 16
3 24
4 8
a
1 1
2 3
3 3
4 4
5 5
6 7
7 8
8 9
9 11
10 13
11 14
12 15
13 16
14 18
15 19
16 19
17 21
18 22
19 24
20 24
e
Alumina 19,19845797413695
Bauxita 15,084736496311496
Manganes 22,348154183438368
Ferro 28,724794686107778
ck
Alumina 6,282118223156551
Bauxita 5,892878878605213
Manganes 5,098498985666975
Ferro 8,106737581484158
q Bauxita Alumina Manganes Ferro
1  0  0  0 5,774637734784763
2  0  0  0 8,992301629341224
3  0  0  0 15,347197718949484
4  0 4,756300406789485  0  0
5 11,114054999003606  0  0  0
6  0  0 8,099842366969616  0
7 17,383595720695027  0  0  0
8 5,6455652519929185  0  0  0
9  0  0  0 15,473416950773064
10 12,417276665277436  0  0  0
11  0 15,869087702045995  0  0
12  0 13,665900518507403  0  0
13  0  0  0 6,348163313558299
14  0  0 13,24508450942366  0
15 18,2049735850357  0  0  0
16  0  0  0 17,86380712211717
17  0 6,845250900832317  0  0
18 6,2680874491693395  0  0  0
19  0 13,718171668795819  0  0
20 6,457971388220701  0  0  0
