N 20
M 250
K Alumina Bauxita Manganes Ferro ;
L 4
v
1 8
2 16
3 24
4 8
a
1 1
2 3
3 5
4 5
5 5
6 6
7 8
8 10
9 10
10 10
11 10
12 11
13 13
14 14
15 16
16 17
17 17
18 17
19 17
20 17
e
Alumina 28,297846307165624
Bauxita 16,930307054656403
Manganes 24,846779886727152
Ferro 27,46849088942117
ck
Alumina 6,913155626958254
Bauxita 8,032678648991652
Manganes 8,57594494338524
Ferro 9,969764250799546
q Bauxita Alumina Manganes Ferro
1  0 14,496636207221375  0  0
2 18,911230889593234  0  0  0
3 8,408162918969166  0  0  0
4  0 17,51031885056355  0  0
5 15,544805110034423  0  0  0
6 13,237923420702975  0  0  0
7  0  0  0 8,63280128921379
8 15,036607182810936  0  0  0
9 8,692358417200358  0  0  0
10 5,009588418491914  0  0  0
11 8,10572922853444  0  0  0
12 4,2691176754493725  0  0  0
13  0  0 9,21295783666767  0
14 9,173275973449426  0  0  0
15  0 14,68842971446262  0  0
16  0  0  0 5,98522583729385
17 11,70845797731872  0  0  0
18  0  0 14,226151722991045  0
19  0  0  0 12,73812206965933
20  0 8,131988786388252  0  0
