N 20
M 250
K Alumina Bauxita Manganes Ferro ;
L 5
v
1 8
2 16
3 24
4 8
5 16
a
1 1
2 3
3 5
4 5
5 6
6 6
7 8
8 8
9 10
10 12
11 12
12 12
13 13
14 15
15 16
16 17
17 18
18 19
19 21
20 21
e
Alumina 29,08047424257034
Bauxita 26,85740310509501
Manganes 27,002588277318154
Ferro 26,701922890880944
ck
Alumina 8,42486310067559
Bauxita 5,713400748876215
Manganes 9,845086166042458
Ferro 6,265825588538139
q Bauxita Alumina Manganes Ferro
1  0  0 5,137678603032976  0
2 4,317346132645486  0  0  0
3 19,935934224659857  0  0  0
4  0  0  0 5,515442259599283
5 17,740179518144803  0  0  0
6 5,996470521634606  0  0  0
7  0  0 13,151665352660896  0
8  0  0  0 5,315675717426162
9  0  0 6,479789324901329  0
10  0  0 14,070442704663531  0
11  0  0  0 14,278813809232505
12  0  0 6,491025947672387  0
13  0  0  0 10,886137036597857
14  0 5,915066386191764  0  0
15  0  0  0 13,804053717845177
16  0  0 7,438967090880315  0
17  0 6,4622782661245814  0  0
18  0  0 14,865534236552257  0
19  0  0 17,459391394608602  0
20  0 17,291141649382375  0  0
