N 20
M 250
K Alumina Bauxita Manganes Ferro ;
L 5
v
1 8
2 16
3 24
4 8
5 16
a
1 1
2 3
3 5
4 7
5 9
6 11
7 12
8 12
9 12
10 14
11 16
12 16
13 18
14 20
15 20
16 22
17 22
18 22
19 24
20 26
e
Alumina 15,528736996155958
Bauxita 23,534470454481756
Manganes 25,07351232486238
Ferro 27,862409565515257
ck
Alumina 4,198476528644259
Bauxita 5,903387965001869
Manganes 3,8512427486123575
Ferro 7,415161142719604
q Bauxita Alumina Manganes Ferro
1  0  0 10,637663094401095  0
2 18,712558105101103  0  0  0
3  0  0 7,138972736804005  0
4  0  0  0 4,296851449421396
5  0  0  0 4,447945914830733
6  0  0 8,018092391314026  0
7  0 14,71379893230896  0  0
8  0  0 11,191701650350243  0
9  0  0  0 8,624965606564512
10  0  0  0 14,187992892039695
11 19,3960774539015  0  0  0
12  0 13,819673983284087  0  0
13  0  0 10,32658926978704  0
14 4,3318624233626615  0  0  0
15  0 17,131719701749432  0  0
16  0  0 13,528929986367913  0
17  0  0  0 12,340918390725497
18  0  0  0 6,6656081566486645
19  0  0 5,673147390289927  0
20 10,512015867237018  0  0  0
