N 20
M 250
K Alumina Bauxita Manganes Ferro ;
L 5
v
1 8
2 16
3 24
4 8
5 16
a
1 1
2 3
3 5
4 7
5 8
6 8
7 9
8 11
9 13
10 14
11 15
12 16
13 16
14 18
15 18
16 18
17 18
18 20
19 22
20 22
e
Alumina 20,501338865471368
Bauxita 18,21386224779859
Manganes 15,771144188404433
Ferro 15,875184684958242
ck
Alumina 5,325380002421067
Bauxita 3,6754703902794534
Manganes 5,332987088699003
Ferro 5,408258885277186
q Bauxita Alumina Manganes Ferro
1  0 11,22541384606903  0  0
2  0  0 18,086262783718208  0
3  0  0  0 6,015255737792742
4  0  0  0 10,934180741549046
5  0 12,582406279519667  0  0
6 7,503583158521694  0  0  0
7  0  0 5,534587519208927  0
8  0  0  0 15,380219961851985
9  0  0 8,6610914984879  0
10 17,49431968542332  0  0  0
11 18,63704722543803  0  0  0
12  0  0  0 7,4969726760865605
13 15,99745683858119  0  0  0
14  0  0  0 13,996764920009491
15  0  0 11,223895876028216  0
16 4,872398129607475  0  0  0
17  0  0  0 13,17606982999376
18  0 19,822461961901563  0  0
19  0  0  0 5,190352450622779
20  0 15,69988627018095  0  0
