N 20
M 250
K Alumina Bauxita Manganes Ferro ;
L 5
v
1 8
2 16
3 24
4 8
5 16
a
1 1
2 2
3 3
4 3
5 4
6 6
7 6
8 7
9 9
10 10
11 11
12 11
13 13
14 13
15 13
16 15
17 16
18 18
19 18
20 19
e
Alumina 29,444132919695644
Bauxita 19,741220961173493
Manganes 23,599719925424033
Ferro 28,275110123375462
ck
Alumina 6,066796449234081
Bauxita 8,164175060322217
Manganes 7,290381216570623
Ferro 9,335990880781484
q Bauxita Alumina Manganes Ferro
1  0 17,349574042727525  0  0
2  0  0  0 19,831232719825266
3 7,883801904989351  0  0  0
4  0  0 14,889727197984177  0
5  0  0  0 12,445280987337108
6  0  0 14,466013791941366  0
7 4,175014747790527  0  0  0
8 5,009717202424607  0  0  0
9  0 8,29076821170724  0  0
10  0 13,231169934516886  0  0
11  0 15,47732514105133  0  0
12  0  0 15,07105662322523  0
13 12,916053560737833  0  0  0
14  0  0 15,822265606020672  0
15 11,879192726091047  0  0  0
16 12,596925538333215  0  0  0
17  0  0  0 18,045164165033
18  0  0  0 16,018388632564307
19  0  0  0 15,376263595480712
20  0 10,240344608878653  0  0
