N 20
M 250
K Alumina Bauxita Manganes Ferro ;
L 5
v
1 8
2 16
3 24
4 8
5 16
a
1 1
2 1
3 2
4 2
5 3
6 3
7 3
8 3
9 5
10 6
11 8
12 10
13 12
14 12
15 13
16 14
17 15
18 17
19 19
20 20
e
Alumina 27,596925113145975
Bauxita 18,437973116782256
Manganes 26,631149165694058
Ferro 29,724112312878585
ck
Alumina 8,738972808098106
Bauxita 9,378931866975568
Manganes 3,5784388259753106
Ferro 9,414191355361
q Bauxita Alumina Manganes Ferro
1  0  0 15,89489062934369  0
2  0 8,442657189121675  0  0
3 6,029974138403503  0  0  0
4  0  0 4,978604412596956  0
5  0  0 11,355001559888084  0
6 8,078023480200077  0  0  0
7  0  0 14,265480384976811  0
8  0 19,705034599315226  0  0
9 8,4458875337897  0  0  0
10  0  0 19,861855006061937  0
11  0  0 5,440883493328203  0
12  0 19,917370609495137  0  0
13 19,97313447574922  0  0  0
14  0  0  0 16,293321796857818
15 10,963351158534719  0  0  0
16  0  0  0 15,833876273849423
17 12,463595509027432  0  0  0
18  0 15,475318122890698  0  0
19 14,099235538322516  0  0  0
20  0  0 5,493693158274935  0
