N 20
M 250
K Alumina Bauxita Manganes Ferro ;
L 6
v
1 8
2 16
3 24
4 8
5 16
6 24
a
1 1
2 1
3 1
4 1
5 3
6 5
7 5
8 6
9 6
10 7
11 7
12 7
13 7
14 9
15 10
16 12
17 13
18 15
19 15
20 17
e
Alumina 15,271456422879965
Bauxita 21,397419592797483
Manganes 15,70338794960248
Ferro 24,37957479856439
ck
Alumina 6,9831663891235145
Bauxita 8,862622820604127
Manganes 8,225477943549691
Ferro 5,705353383002731
q Bauxita Alumina Manganes Ferro
1  0 17,909851445217626  0  0
2  0  0 15,631634998360026  0
3  0  0 13,1837576247477  0
4 14,895943774835956  0  0  0
5  0 15,351699364681672  0  0
6  0  0  0 19,614582202912874
7 13,729946529563595  0  0  0
8  0  0  0 7,80807721717445
9 19,500055448138056  0  0  0
10  0  0 13,903033393026377  0
11  0  0 9,667300616380968  0
12  0 12,779796697955712  0  0
13  0  0  0 14,38910113840912
14  0 15,387101017516853  0  0
15  0  0 4,247910729790393  0
16 15,752725229522952  0  0  0
17  0  0  0 14,49996476099382
18  0 16,058365285883017  0  0
19  0  0  0 5,086423902204595
20  0  0  0 9,676664316708347
