N 20
M 250
K Alumina Bauxita Manganes Ferro ;
L 6
v
1 8
2 16
3 24
4 8
5 16
6 24
a
1 1
2 1
3 1
4 2
5 2
6 4
7 4
8 5
9 5
10 5
11 7
12 9
13 11
14 13
15 13
16 14
17 14
18 14
19 15
20 16
e
Alumina 18,529797064477037
Bauxita 19,370398771707737
Manganes 29,782055491104337
Ferro 27,09323801435373
ck
Alumina 9,007879413780044
Bauxita 5,161822915621681
Manganes 9,871621075249921
Ferro 7,028107916183474
q Bauxita Alumina Manganes Ferro
1  0 17,545725250945292  0  0
2  0 9,156809158349633  0  0
3  0  0 11,122214243766269  0
4  0  0  0 6,135077918642645
5  0 17,176256060521624  0  0
6  0  0  0 5,733954480549107
7  0 17,880377191175576  0  0
8  0  0  0 5,344346840905608
9 18,573091046949823  0  0  0
10  0  0 10,756629953320736  0
11  0 10,86971190963705  0  0
12  0 9,2756019746645  0  0
13  0  0 7,097955373099353  0
14  0 11,171656480576258  0  0
15  0  0 6,502055572591411  0
16 5,299967027535542  0  0  0
17  0  0 19,913698822500436  0
18  0 15,34586716258955  0  0
19  0  0 16,245956215758014  0
20 4,899184910867973  0  0  0
