N 20
M 250
K Alumina Bauxita Manganes Ferro ;
L 6
v
1 8
2 16
3 24
4 8
5 16
6 24
a
1 1
2 2
3 4
4 6
5 8
6 9
7 10
8 11
9 13
10 14
11 14
12 16
13 17
14 18
15 19
16 20
17 20
18 20
19 20
20 22
e
Alumina 29,94762522448913
Bauxita 21,601648154803772
Manganes 20,120442210215685
Ferro 29,09404426941086
ck
Alumina 4,8384872122205
Bauxita 4,188197373709526
Manganes 4,758492334784178
Ferro 6,464769024311131
q Bauxita Alumina Manganes Ferro
1  0 7,982351029034087  0  0
2  0  0  0 11,788296076960776
3  0 13,265039224257649  0  0
4  0 18,853258105375758  0  0
5  0  0 18,336271640234777  0
6  0 7,223057300014963  0  0
7  0  0  0 13,50971402140941
8  0  0  0 4,70883356554649
9  0 4,612854485501938  0  0
10 18,211800993311968  0  0  0
11  0 5,267230353837414  0  0
12  0 10,972393220979518  0  0
13  0  0 14,629766336023021  0
14 15,429834128779246  0  0  0
15 17,148154273590293  0  0  0
16  0  0  0 7,587554129046417
17 15,603274537281457  0  0  0
18 10,526400176597425  0  0  0
19  0  0  0 11,898196278085171
20  0  0  0 10,07800984558924
