N 20
M 250
K Alumina Bauxita Manganes Ferro ;
L 6
v
1 8
2 16
3 24
4 8
5 16
6 24
a
1 1
2 3
3 5
4 7
5 9
6 9
7 9
8 10
9 12
10 12
11 12
12 12
13 12
14 13
15 13
16 15
17 17
18 19
19 19
20 20
e
Alumina 16,303518177449536
Bauxita 22,501308434126585
Manganes 29,70274446110927
Ferro 24,12830398404693
ck
Alumina 9,229129006916988
Bauxita 9,764554688517112
Manganes 5,184661482882031
Ferro 9,941998350251247
q Bauxita Alumina Manganes Ferro
1  0 5,436211403765801  0  0
2 10,743854496768648  0  0  0
3  0  0  0 6,201305001571482
4  0 11,256897329056534  0  0
5 16,008474736251376  0  0  0
6  0 19,554135155763234  0  0
7  0  0 8,035922355613467  0
8  0  0  0 7,708156913965045
9  0  0 15,975163524622664  0
10 19,8050487995974  0  0  0
11  0  0  0 11,180375754255685
12  0 10,183411034658356  0  0
13  0 16,625203455751247  0  0
14  0  0 4,117373944285701  0
15  0  0  0 17,29678029512802
16  0  0 5,985914538869919  0
17  0  0  0 8,04408478233037
18  0  0  0 11,331068238164903
19  0  0  0 13,657499437191307
20  0 6,471140441886712  0  0
