N 20
M 250
K Alumina Bauxita Manganes Ferro ;
L 6
v
1 8
2 16
3 24
4 8
5 16
6 24
a
1 1
2 3
3 5
4 5
5 6
6 8
7 8
8 9
9 10
10 12
11 13
12 14
13 16
14 18
15 20
16 22
17 22
18 22
19 22
20 24
e
Alumina 21,787066617950682
Bauxita 20,502019438351947
Manganes 23,612295172591228
Ferro 26,411492946100132
ck
Alumina 8,858503062158835
Bauxita 3,5467943135634825
Manganes 6,712161663833574
Ferro 3,599458450391071
q Bauxita Alumina Manganes Ferro
1  0  0  0 6,688212876137058
2 7,372308623977661  0  0  0
3 11,719820594006736  0  0  0
4  0  0  0 13,44169674001786
5  0  0  0 6,264842493356088
6 4,814060747494921  0  0  0
7  0  0 17,456265314785284  0
8  0  0  0 14,719264818594011
9  0  0  0 6,374257746548773
10  0 17,612748880326706  0  0
11 19,73250742039857  0  0  0
12  0  0 14,980707473388389  0
13  0  0  0 12,581926744863132
14 9,007450839204168  0  0  0
15  0 17,380962065722468  0  0
16  0 11,823496925808033  0  0
17  0  0 15,660615410576721  0
18  0  0  0 15,017139533784444
19 12,352912219168001  0  0  0
20 10,517166173779591  0  0  0
