N 25
M 250
K Alumina Bauxita Manganes Ferro ;
L 1
v
1 8
a
1 1
2 2
3 4
4 4
5 4
6 6
7 6
8 8
9 9
10 11
11 12
12 13
13 13
14 14
15 15
16 16
17 18
18 18
19 19
20 21
21 21
22 23
23 25
24 26
25 28
e
Alumina 27,99313313570295
Bauxita 26,22976407650782
Manganes 20,067164852919156
Ferro 21,964688586051096
ck
Alumina 8,564807155789307
Bauxita 9,7162621916973
Manganes 8,034508689938155
Ferro 8,704686323810794
q Bauxita Alumina Manganes Ferro
1  0  0 9,253967975305972  0
2 16,628682583239843  0  0  0
3  0  0  0 17,81112590614887
4  0  0  0 6,444744732141272
5  0  0 14,354508633377725  0
6 8,16353356628635  0  0  0
7  0  0 17,0384425904057  0
8  0  0  0 19,802158350224865
9  0  0  0 5,063499820198064
10  0 8,810945811846642  0  0
11  0  0  0 18,02790500281457
12  0  0  0 18,265554255167324
13 14,638361034356388  0  0  0
14  0  0 15,948066287999383  0
15 9,506355850572325  0  0  0
16  0 10,788358203121582  0  0
17 16,401810984947044  0  0  0
18  0  0 4,779703583271116  0
19  0 5,056036843984746  0  0
20  0 15,054719685940356  0  0
21  0  0 16,88021468579754  0
22  0 15,307136199971561  0  0
23 8,841195754928448  0  0  0
24  0  0  0 9,718450205252466
25  0  0  0 6,039584387512702
