N 25
M 250
K Alumina Bauxita Manganes Ferro ;
L 1
v
1 8
a
1 1
2 1
3 2
4 2
5 4
6 5
7 6
8 7
9 9
10 11
11 13
12 13
13 15
14 17
15 19
16 19
17 19
18 19
19 19
20 19
21 20
22 21
23 23
24 24
25 24
e
Alumina 21,228267910843968
Bauxita 16,43801689252613
Manganes 27,3234602077547
Ferro 28,26449755253166
ck
Alumina 9,076276892845222
Bauxita 9,19225424792612
Manganes 4,822105234796481
Ferro 8,604374475338053
q Bauxita Alumina Manganes Ferro
1  0  0  0 19,06521218807748
2 16,079853845630346  0  0  0
3  0 18,176732604055648  0  0
4  0  0  0 15,569816405690611
5 18,940845212619966  0  0  0
6  0 10,64880379697096  0  0
7 15,13309601339858  0  0  0
8  0  0  0 15,947282079295029
9  0  0 4,620341567634728  0
10  0 5,217016426409362  0  0
11  0  0  0 13,332556473893197
12  0  0  0 18,141254219704237
13  0  0 15,737608217106196  0
14  0 10,799949907458425  0  0
15  0 14,909784408192534  0  0
16  0  0  0 14,908771439669362
17  0  0  0 16,968604329557344
18  0  0 7,518894091393779  0
19 6,9428525479918335  0  0  0
20  0  0 13,615860909430491  0
21 9,615660365507646  0  0  0
22 18,69374982719907  0  0  0
23  0  0  0 19,252248518406837
24 19,636373961642313  0  0  0
25  0  0 5,727119287444246  0
