N 25
M 250
K Alumina Bauxita Manganes Ferro ;
L 1
v
1 8
a
1 1
2 1
3 2
4 3
5 5
6 7
7 8
8 10
9 11
10 12
11 13
12 13
13 13
14 14
15 16
16 18
17 20
18 20
19 22
20 24
21 24
22 25
23 25
24 27
25 27
e
Alumina 25,727011889958668
Bauxita 28,789278551612487
Manganes 27,75115624257254
Ferro 26,88102616288416
ck
Alumina 7,409759665238581
Bauxita 7,033156946360246
Manganes 7,825079299157262
Ferro 3,2566079798632916
q Bauxita Alumina Manganes Ferro
1  0 6,864179666645738  0  0
2 5,845628751526787  0  0  0
3  0  0  0 15,524797011930783
4  0  0  0 7,621029536778275
5  0  0  0 12,99250087435294
6  0  0 12,519645113041014  0
7  0 11,62114532841545  0  0
8  0  0  0 16,40702079647661
9  0 14,90255596580558  0  0
10  0  0 14,42710559673214  0
11  0  0 4,3697341595875105  0
12  0  0 5,3389078404970665  0
13  0  0 6,096813084348433  0
14  0  0  0 16,848259700686782
15  0  0 10,917222271894058  0
16  0  0 19,37135352828507  0
17  0  0 10,549320781967376  0
18  0 9,758609690471094  0  0
19  0  0  0 9,403283969841853
20  0 13,057885046758658  0  0
21  0 19,337709169095184  0  0
22  0  0 17,186088245738212  0
23  0  0  0 7,066735595585788
24  0  0  0 12,346264947746787
25  0  0  0 19,62695843440296
