N 25
M 250
K Alumina Bauxita Manganes Ferro ;
L 1
v
1 8
a
1 1
2 2
3 2
4 2
5 2
6 4
7 4
8 4
9 4
10 4
11 4
12 6
13 6
14 6
15 8
16 9
17 9
18 10
19 12
20 13
21 14
22 14
23 16
24 17
25 19
e
Alumina 16,4383953695411
Bauxita 29,48424836248582
Manganes 18,068412646171936
Ferro 29,872255556693958
ck
Alumina 3,8224329513774995
Bauxita 5,849977226772749
Manganes 7,116830504917911
Ferro 9,858107987161347
q Bauxita Alumina Manganes Ferro
1 8,70167898531381  0  0  0
2  0 7,875689832820868  0  0
3  0  0  0 11,523669941746865
4  0  0  0 9,56327310509714
5  0  0  0 7,280126795193002
6  0  0  0 19,243840143492775
7  0  0 8,633449040970513  0
8  0  0 19,833775585931566  0
9 12,70731738039381  0  0  0
10  0  0 11,630060330944877  0
11  0  0  0 17,302824861857648
12  0 4,2677536085863235  0  0
13  0  0 12,900372212341473  0
14  0  0  0 15,871926761877381
15 8,415806277449043  0  0  0
16  0 4,5354512225392405  0  0
17  0  0 11,910195117173172  0
18  0 10,534798286746415  0  0
19 12,881554134353904  0  0  0
20  0 9,449965032650704  0  0
21  0  0  0 15,44658982370593
22  0  0  0 6,0422337725944
23  0 13,187299861765197  0  0
24 6,173076878229788  0  0  0
25  0 13,594239535402853  0  0
