N 25
M 250
K Alumina Bauxita Manganes Ferro ;
L 1
v
1 8
a
1 1
2 1
3 3
4 3
5 5
6 5
7 7
8 8
9 10
10 12
11 12
12 14
13 14
14 15
15 16
16 18
17 18
18 20
19 20
20 21
21 21
22 21
23 23
24 25
25 27
e
Alumina 28,649912533043555
Bauxita 23,065039923970723
Manganes 24,766842233461258
Ferro 24,558859963715275
ck
Alumina 5,094826397328277
Bauxita 7,478462656640217
Manganes 6,946452874544084
Ferro 9,999477423774376
q Bauxita Alumina Manganes Ferro
1  0  0 15,315072335531426  0
2  0 13,745708652998555  0  0
3 17,8678719573087  0  0  0
4 15,998060377454856  0  0  0
5 14,411445085324841  0  0  0
6  0 7,054908538395768  0  0
7  0  0  0 14,786434521087626
8  0  0  0 15,795425963775013
9  0 16,813169402368153  0  0
10 9,806781389650064  0  0  0
11  0 12,763755079692224  0  0
12 11,88420750309356  0  0  0
13  0  0 16,682623559934797  0
14  0 16,895240447476077  0  0
15 6,451928808489571  0  0  0
16  0 6,261024607838319  0  0
17 4,3702371392983625  0  0  0
18  0  0 13,28241374700422  0
19 6,4382966835790825  0  0  0
20  0 14,10585112581088  0  0
21  0 17,859848284808308  0  0
22  0 11,415459453900574  0  0
23 12,025633754516102  0  0  0
24  0  0  0 6,062159843161931
25 16,211158193131883  0  0  0
