N 25
M 250
K Alumina Bauxita Manganes Ferro ;
L 2
v
1 8
2 16
a
1 1
2 3
3 3
4 5
5 5
6 5
7 7
8 8
9 9
10 9
11 10
12 12
13 13
14 15
15 15
16 17
17 19
18 19
19 19
20 21
21 22
22 24
23 25
24 27
25 27
e
Alumina 18,613811270744435
Bauxita 25,389144572088988
Manganes 22,918218764700043
Ferro 15,102126153514122
ck
Alumina 7,431870479339482
Bauxita 7,329670812473585
Manganes 6,1301151296120455
Ferro 9,367153808273804
q Bauxita Alumina Manganes Ferro
1 6,008037869995974  0  0  0
2  0  0  0 16,866570410526382
3 8,232340616234804  0  0  0
4 5,377747931232564  0  0  0
5  0  0 7,477004441224084  0
6  0  0 13,1585694906696  0
7  0  0 14,116797863151998  0
8  0  0 16,634577074099774  0
9  0 17,427181335686264  0  0
10  0 18,71415706856531  0  0
11  0 10,407612267660761  0  0
12  0 5,914994203756743  0  0
13  0 7,468614938138554  0  0
14  0 12,059601590510606  0  0
15  0 11,52355936593549  0  0
16 17,886544538516294  0  0  0
17 18,668201160098672  0  0  0
18 5,59796034637832  0  0  0
19 14,753954075432613  0  0  0
20 6,945451796712673  0  0  0
21  0 18,97670942566942  0  0
22  0 16,290879250197207  0  0
23  0 15,158236614573308  0  0
24 17,90393271575293  0  0  0
25 14,64783021113811  0  0  0
