N 25
M 250
K Alumina Bauxita Manganes Ferro ;
L 2
v
1 8
2 16
a
1 1
2 3
3 3
4 5
5 6
6 7
7 8
8 9
9 11
10 13
11 14
12 14
13 14
14 15
15 15
16 16
17 18
18 18
19 18
20 19
21 20
22 20
23 20
24 20
25 21
e
Alumina 24,88699920068884
Bauxita 17,00893344200058
Manganes 22,303640582951694
Ferro 16,831231452223832
ck
Alumina 7,869613616856079
Bauxita 4,922795776899111
Manganes 8,985758184984238
Ferro 3,142907059193397
q Bauxita Alumina Manganes Ferro
1  0  0 14,13285203106984  0
2  0  0 15,443613211540248  0
3  0  0 18,54649416479246  0
4 16,43128637119069  0  0  0
5  0  0 10,824150669965213  0
6  0 17,91243211229619  0  0
7 13,156709511399022  0  0  0
8 11,749243913315615  0  0  0
9  0  0  0 8,551411581028571
10  0  0  0 11,932654684826797
11 7,62757993614121  0  0  0
12  0  0 13,238918052880717  0
13  0 6,528058177964642  0  0
14  0  0 12,404532377017881  0
15  0  0  0 16,916417446670998
16 11,901287007835801  0  0  0
17  0 4,119284672919282  0  0
18 12,738920000712001  0  0  0
19  0 8,924821385086618  0  0
20  0 7,678390880972206  0  0
21  0 5,849935544392746  0  0
22  0  0  0 10,921733383045503
23  0 12,334355108369909  0  0
24 16,96268637107104  0  0  0
25  0 17,50640350429008  0  0
