N 25
M 250
K Alumina Bauxita Manganes Ferro ;
L 2
v
1 8
2 16
a
1 1
2 1
3 3
4 3
5 4
6 6
7 7
8 7
9 8
10 10
11 11
12 12
13 12
14 12
15 12
16 14
17 14
18 16
19 17
20 18
21 18
22 18
23 19
24 20
25 21
e
Alumina 22,02888085358383
Bauxita 16,036608435326574
Manganes 20,812159962539166
Ferro 15,317396181086114
ck
Alumina 6,04931224785358
Bauxita 6,928075554489676
Manganes 4,302834991043629
Ferro 6,224818827514717
q Bauxita Alumina Manganes Ferro
1  0 5,166377450907779  0  0
2  0  0 5,17566343650226  0
3  0  0  0 4,449209246830593
4  0  0  0 12,543242402178311
5  0  0 15,730372444093682  0
6  0  0  0 19,493335235161602
7 18,38712184881632  0  0  0
8  0  0  0 9,664080390581686
9  0  0  0 10,650533221855687
10  0  0  0 14,275658227621037
11  0  0 16,355560994216333  0
12  0  0  0 11,868100439267304
13  0  0 14,039044585325062  0
14  0 16,040335367983147  0  0
15  0  0  0 19,36755930668856
16 5,995817574251184  0  0  0
17  0  0 9,475943747094783  0
18 9,376098290239877  0  0  0
19  0  0  0 14,347331841337786
20 10,056053290323526  0  0  0
21 19,31691251761992  0  0  0
22  0 6,757638192869766  0  0
23  0  0 15,512951629688265  0
24  0 16,348538498583586  0  0
25 5,191631871955126  0  0  0
