N 25
M 250
K Alumina Bauxita Manganes Ferro ;
L 2
v
1 8
2 16
a
1 1
2 2
3 3
4 4
5 5
6 7
7 8
8 8
9 8
10 9
11 11
12 13
13 13
14 15
15 15
16 15
17 16
18 17
19 19
20 19
21 19
22 20
23 21
24 22
25 24
e
Alumina 23,45206807058348
Bauxita 22,290327702810437
Manganes 16,546803284507703
Ferro 23,293647252187032
ck
Alumina 6,3530535776675805
Bauxita 8,520572679332288
Manganes 5,722971408516633
Ferro 4,607019245516004
q Bauxita Alumina Manganes Ferro
1  0  0 11,81624507116228  0
2  0 17,686915355113726  0  0
3  0 12,899265187797523  0  0
4  0  0  0 12,664585659546985
5  0  0 10,36715549772557  0
6  0  0 8,27483944704149  0
7 5,2839763508470625  0  0  0
8  0  0 9,15325727801006  0
9  0  0 18,516131969374896  0
10  0  0  0 8,817446933479797
11  0  0 6,193301416704784  0
12  0 15,310764212295124  0  0
13  0 16,6956609408168  0  0
14  0  0  0 16,817718963561802
15  0  0  0 9,737447678130605
16  0  0 15,238369793865452  0
17 19,391460955666183  0  0  0
18 7,864960450927869  0  0  0
19  0  0  0 18,672979863362507
20  0  0  0 10,652349733230999
21  0  0 17,013891502833225  0
22  0  0 7,0561039990575605  0
23  0 14,065749507305563  0  0
24  0 10,59304043805955  0  0
25  0  0  0 12,855445127515337
