N 25
M 250
K Alumina Bauxita Manganes Ferro ;
L 2
v
1 8
2 16
a
1 1
2 3
3 3
4 4
5 4
6 5
7 6
8 8
9 9
10 11
11 11
12 12
13 13
14 15
15 15
16 15
17 16
18 16
19 18
20 20
21 21
22 22
23 24
24 26
25 26
e
Alumina 27,978399515972235
Bauxita 21,636226977014566
Manganes 26,665629333014056
Ferro 16,62444816920354
ck
Alumina 4,126624169261504
Bauxita 3,5947624319118305
Manganes 3,3451346722863367
Ferro 6,541756215958976
q Bauxita Alumina Manganes Ferro
1  0  0 8,853775394779236  0
2  0  0  0 13,04562616918398
3  0 9,965258125511887  0  0
4 19,756448293084567  0  0  0
5  0  0  0 8,694237239371997
6  0 5,55098050789981  0  0
7  0  0 19,126497333314436  0
8  0  0  0 14,425909331953202
9  0 5,110429117122365  0  0
10 19,697177723028364  0  0  0
11  0 11,6460323375284  0  0
12  0 14,090964620523573  0  0
13 6,033323337787211  0  0  0
14  0  0 6,2378812528902525  0
15  0  0  0 13,911311070352507
16  0  0 19,466052543220982  0
17 7,196138479334595  0  0  0
18  0  0  0 15,292982300644969
19 5,746306117451429  0  0  0
20 12,004605728426727  0  0  0
21 6,117712385324678  0  0  0
22  0  0 19,16393219243865  0
23  0  0 6,1373710463377  0
24  0 12,098919149707362  0  0
25  0  0  0 14,692749498789297
