N 25
M 250
K Alumina Bauxita Manganes Ferro ;
L 3
v
1 8
2 16
3 24
a
1 1
2 2
3 2
4 3
5 4
6 5
7 5
8 5
9 6
10 6
11 6
12 7
13 8
14 8
15 10
16 11
17 11
18 13
19 13
20 13
21 15
22 16
23 18
24 18
25 20
e
Alumina 25,693713179494146
Bauxita 26,79341287931247
Manganes 29,947929589507233
Ferro 21,69625211614016
ck
Alumina 3,7644976182860597
Bauxita 7,123128084497472
Manganes 7,492087070521437
Ferro 5,301051645662264
q Bauxita Alumina Manganes Ferro
1  0 17,319413050510825  0  0
2 13,7190722083535  0  0  0
3  0  0 19,425967815620773  0
4  0 11,384922585880496  0  0
5  0  0  0 4,917814557459467
6  0  0  0 9,161155765812982
7 5,196932982091328  0  0  0
8  0 4,588581207234958  0  0
9 12,316730503537297  0  0  0
10  0 7,540543064634139  0  0
11 16,24971974470548  0  0  0
12  0  0 10,52355439351904  0
13  0 6,030797978692799  0  0
14 5,959057337317288  0  0  0
15  0  0 7,336388858535038  0
16  0  0  0 15,419780900153835
17 18,447485755736032  0  0  0
18  0 14,129810329087169  0  0
19 10,746591174575109  0  0  0
20  0  0  0 7,075317367065548
21 6,069421679664117  0  0  0
22  0  0  0 9,097493761212766
23  0 19,944737404752082  0  0
24  0  0 15,140288849954935  0
25 12,407445537660156  0  0  0
