N 25
M 250
K Alumina Bauxita Manganes Ferro ;
L 3
v
1 8
2 16
3 24
a
1 1
2 1
3 3
4 5
5 5
6 5
7 6
8 7
9 7
10 7
11 9
12 11
13 11
14 12
15 12
16 13
17 14
18 16
19 18
20 18
21 20
22 20
23 21
24 22
25 23
e
Alumina 15,094207843183483
Bauxita 29,25181293490841
Manganes 19,009251523248125
Ferro 28,494945690338877
ck
Alumina 5,781969930026856
Bauxita 5,190619441652978
Manganes 4,674980560058824
Ferro 6,590866474373955
q Bauxita Alumina Manganes Ferro
1  0 4,269622901331095  0  0
2  0  0  0 8,382762241171836
3  0  0 19,22568909043821  0
4  0  0  0 14,126698270429058
5 16,781926053109334  0  0  0
6  0 7,519035050211519  0  0
7  0  0  0 10,014383153883974
8  0  0 14,399573835335168  0
9  0 7,707716976127362  0  0
10 9,380109722387507  0  0  0
11 7,28003648758064  0  0  0
12  0 7,5701565538125255  0  0
13 15,959029614821322  0  0  0
14 4,871639777184241  0  0  0
15  0  0 6,301531760832571  0
16 17,087508712090177  0  0  0
17  0  0 16,17016422573326  0
18  0  0 9,396841446754758  0
19  0  0 8,435542030193732  0
20  0  0  0 7,332533249941411
21  0 13,452225176175409  0  0
22  0  0 11,15530117525382  0
23  0  0  0 8,852465767702883
24 18,31827412908904  0  0  0
25  0 18,055413244580578  0  0
