N 25
M 250
K Alumina Bauxita Manganes Ferro ;
L 3
v
1 8
2 16
3 24
a
1 1
2 1
3 2
4 3
5 5
6 6
7 6
8 8
9 9
10 9
11 10
12 11
13 12
14 12
15 14
16 15
17 17
18 19
19 21
20 23
21 23
22 23
23 24
24 26
25 28
e
Alumina 22,434520245621062
Bauxita 17,29923791464992
Manganes 24,44050643717249
Ferro 20,880325125680358
ck
Alumina 4,541502693911857
Bauxita 8,90859318408896
Manganes 3,272184658540969
Ferro 3,224214739565835
q Bauxita Alumina Manganes Ferro
1 11,801714987066672  0  0  0
2  0  0  0 11,11143457680985
3  0  0  0 8,037122773980194
4  0 6,559976577457629  0  0
5  0 10,008688304703945  0  0
6  0  0  0 15,661164906788814
7 5,023126239359241  0  0  0
8  0  0  0 16,482241587179534
9 9,954712097757632  0  0  0
10 12,279686641625858  0  0  0
11  0  0  0 5,4234428273855
12  0  0  0 15,774945601636462
13  0 18,875182057234  0  0
14  0  0  0 4,988571275599721
15  0  0  0 16,61835678047528
16  0  0 7,901239351184131  0
17  0  0 19,16244277852435  0
18  0  0  0 14,379277032621863
19  0  0  0 9,22594870320208
20  0  0 13,458376612327921  0
21  0 16,22438740448627  0  0
22 10,604658775816892  0  0  0
23 11,748603254460194  0  0  0
24  0 6,069995822861685  0  0
25 18,049421289246098  0  0  0
