N 25
M 250
K Alumina Bauxita Manganes Ferro ;
L 3
v
1 8
2 16
3 24
a
1 1
2 1
3 1
4 3
5 4
6 5
7 6
8 7
9 9
10 9
11 10
12 12
13 13
14 13
15 13
16 15
17 17
18 19
19 19
20 19
21 20
22 20
23 21
24 22
25 23
e
Alumina 19,242099414134564
Bauxita 23,1333400801365
Manganes 18,488587493081184
Ferro 25,46407752734607
ck
Alumina 8,030811553626132
Bauxita 3,501162457536606
Manganes 5,142515008624407
Ferro 5,018345781871053
q Bauxita Alumina Manganes Ferro
1  0  0  0 18,55607214944841
2  0  0  0 19,76842375733969
3  0  0 9,028535933290478  0
4  0  0  0 8,511399042727545
5  0 19,089853034557315  0  0
6 6,144821366011566  0  0  0
7  0 8,612822863067507  0  0
8  0  0 7,6414869176572555  0
9  0  0  0 12,150584502534157
10  0  0 16,84286550769142  0
11  0  0 14,827220516144063  0
12 16,245531237221883  0  0  0
13  0  0  0 11,042715621644023
14  0  0  0 18,493655049260717
15 13,61817193045314  0  0  0
16  0  0  0 15,376704972648584
17  0  0 5,639781239783353  0
18  0  0  0 14,735350277881743
19  0  0 11,588225329335815  0
20  0  0  0 8,850513962507772
21  0  0 13,748567212245234  0
22  0  0 14,894425073005808  0
23  0  0  0 5,097964204753483
24  0  0 9,542538893740707  0
25 13,025435921913559  0  0  0
