N 25
M 250
K Alumina Bauxita Manganes Ferro ;
L 3
v
1 8
2 16
3 24
a
1 1
2 3
3 3
4 5
5 5
6 7
7 7
8 7
9 8
10 8
11 8
12 9
13 10
14 12
15 14
16 15
17 15
18 16
19 18
20 18
21 20
22 20
23 22
24 23
25 23
e
Alumina 17,641641995005916
Bauxita 15,683206473997682
Manganes 21,90394341680231
Ferro 25,96248395989233
ck
Alumina 8,802840923933509
Bauxita 5,4770836339177595
Manganes 5,9441219183487215
Ferro 8,564927978153229
q Bauxita Alumina Manganes Ferro
1  0 9,976147718851244  0  0
2  0 8,544338710731342  0  0
3 9,718467379706423  0  0  0
4  0  0  0 10,687149225258954
5  0  0 9,528262738882749  0
6  0  0 18,1260816144271  0
7  0  0 14,50389522275598  0
8  0  0  0 12,297223279183608
9  0  0 12,12078818010724  0
10  0  0 11,890528772880774  0
11  0  0 5,663044726495695  0
12  0 7,859147065826814  0  0
13 19,226820968634105  0  0  0
14 14,623103450422676  0  0  0
15 11,14691296984674  0  0  0
16  0  0  0 17,53214978417943
17  0  0  0 13,497880655115013
18 13,005099241680318  0  0  0
19  0  0 16,704863336371353  0
20  0  0  0 9,70220361900783
21  0  0  0 8,73203607453895
22  0  0 7,665293812444824  0
23 5,449751656604178  0  0  0
24  0 12,243376755191052  0  0
25 10,71145512857861  0  0  0
