N 25
M 250
K Alumina Bauxita Manganes Ferro ;
L 4
v
1 8
2 16
3 24
4 8
a
1 1
2 2
3 2
4 3
5 3
6 4
7 4
8 6
9 6
10 7
11 9
12 9
13 11
14 13
15 13
16 13
17 14
18 14
19 14
20 14
21 16
22 18
23 20
24 20
25 22
e
Alumina 26,92360699883298
Bauxita 23,061817490395015
Manganes 27,14280259721575
Ferro 21,469374423764883
ck
Alumina 9,454081132671565
Bauxita 3,7838975310178093
Manganes 8,539415430010024
Ferro 4,347674521521737
q Bauxita Alumina Manganes Ferro
1 6,086133120545357  0  0  0
2  0  0 13,257017021077516  0
3  0  0  0 11,742100093083934
4  0 12,322990390817438  0  0
5  0  0  0 16,90861349063206
6 5,095670329263372  0  0  0
7  0  0  0 6,246684055085799
8  0  0  0 13,703640140042742
9  0 8,000212646058358  0  0
10  0 10,937352763722128  0  0
11 15,07561389763127  0  0  0
12 18,13152540934302  0  0  0
13  0  0 10,795628701795508  0
14 10,644008572252982  0  0  0
15 17,919086221128822  0  0  0
16  0 14,81860636596257  0  0
17  0  0  0 13,105077467599653
18  0 4,710918109069219  0  0
19  0 15,70209789691218  0  0
20  0 10,05893032353152  0  0
21  0  0  0 11,164511903677411
22  0 7,954602033903916  0  0
23 18,091153552581098  0  0  0
24  0  0 17,09954132458448  0
25 7,518447319245789  0  0  0
