N 25
M 250
K Alumina Bauxita Manganes Ferro ;
L 4
v
1 8
2 16
3 24
4 8
a
1 1
2 3
3 5
4 7
5 7
6 9
7 10
8 10
9 10
10 12
11 12
12 12
13 14
14 14
15 16
16 16
17 17
18 19
19 19
20 20
21 22
22 22
23 24
24 24
25 24
e
Alumina 20,21242454608356
Bauxita 23,47055683818858
Manganes 25,565956463821593
Ferro 15,6104075106207
ck
Alumina 9,641389631109853
Bauxita 4,582053985660949
Manganes 5,505506552324444
Ferro 4,536825576995064
q Bauxita Alumina Manganes Ferro
1 14,542660276540705  0  0  0
2  0  0 13,99002417478447  0
3  0  0  0 12,923809500414599
4  0  0  0 4,481287713294261
5 5,180119471931173  0  0  0
6  0 18,032612730336524  0  0
7  0 4,92367710463475  0  0
8  0 7,183336851343796  0  0
9  0  0 5,794799111219588  0
10  0  0 10,910486036150441  0
11  0 14,001693030654238  0  0
12 4,296374608445673  0  0  0
13 14,537233592166164  0  0  0
14  0 16,18441558001743  0  0
15  0 5,253460378429017  0  0
16  0  0 17,330328236367905  0
17  0 10,327377033245313  0  0
18 5,8360410325572225  0  0  0
19  0  0  0 4,173423581570111
20  0  0  0 6,867087261162144
21  0  0 14,256777620544646  0
22  0  0  0 7,939606113716186
23  0  0  0 12,111238703524783
24  0  0  0 19,60735109456347
25 14,430464295941638  0  0  0
