N 25
M 250
K Alumina Bauxita Manganes Ferro ;
L 4
v
1 8
2 16
3 24
4 8
a
1 1
2 1
3 3
4 5
5 5
6 6
7 6
8 8
9 8
10 10
11 10
12 10
13 10
14 11
15 12
16 12
17 12
18 14
19 14
20 15
21 15
22 16
23 17
24 17
25 18
e
Alumina 16,575773292364193
Bauxita 19,777508407649755
Manganes 28,102656762228545
Ferro 22,900563715501008
ck
Alumina 5,461252458755379
Bauxita 7,554083794355172
Manganes 7,791388790311378
Ferro 7,0684863777445575
q Bauxita Alumina Manganes Ferro
1 4,2445818746264745  0  0  0
2  0  0  0 10,580109571432834
3  0 8,212628334894372  0  0
4  0  0 6,7361077103536875  0
5  0 6,0572201208055585  0  0
6  0  0  0 15,716879592917667
7  0 6,406803285351355  0  0
8  0  0 18,755290093687258  0
9  0  0 4,826691725105576  0
10  0 14,313743867691686  0  0
11 14,232894957233762  0  0  0
12 15,21383609023698  0  0  0
13 12,918717400266551  0  0  0
14  0 18,293332397914902  0  0
15 18,856060078817293  0  0  0
16  0  0  0 8,017570328778246
17  0  0  0 5,515569616534721
18  0 9,59313115940033  0  0
19  0  0 10,228229439636753  0
20  0  0  0 14,361100235789177
21  0 7,683826458649781  0  0
22  0  0  0 16,11798071263692
23  0  0 18,998073863353717  0
24  0 9,577754490431966  0  0
25  0 13,002366246058976  0  0
