N 25
M 250
K Alumina Bauxita Manganes Ferro ;
L 4
v
1 8
2 16
3 24
4 8
a
1 1
2 3
3 5
4 6
5 7
6 9
7 10
8 11
9 12
10 12
11 12
12 13
13 14
14 15
15 16
16 18
17 20
18 20
19 20
20 21
21 23
22 25
23 27
24 27
25 27
e
Alumina 21,757367980488596
Bauxita 22,34036147482012
Manganes 25,026226814707723
Ferro 24,30007707932171
ck
Alumina 3,6388383721936295
Bauxita 4,705484266613941
Manganes 7,850705074825792
Ferro 4,610884845889583
q Bauxita Alumina Manganes Ferro
1  0  0 4,876845830385015  0
2 12,90885101154818  0  0  0
3  0  0  0 5,658302853443002
4  0  0 8,492051054035741  0
5  0  0 12,15231159220092  0
6  0 14,346976053056943  0  0
7  0 8,755782238744352  0  0
8 9,149020719363175  0  0  0
9  0 5,567369313568081  0  0
10  0 13,577944212358943  0  0
11 17,363970084317685  0  0  0
12  0 11,546830857308594  0  0
13  0  0  0 10,375820705723271
14 6,233678601425305  0  0  0
15  0  0 17,41295668942233  0
16  0  0  0 9,95720054595813
17  0 15,331794194854817  0  0
18  0  0 10,608087166595757  0
19  0  0  0 18,78886726999673
20 14,015361828799316  0  0  0
21 7,449060206549836  0  0  0
22  0 5,457029344762722  0  0
23 17,775948683573223  0  0  0
24  0  0 8,159174471842373  0
25 18,292892963081552  0  0  0
