N 25
M 250
K Alumina Bauxita Manganes Ferro ;
L 4
v
1 8
2 16
3 24
4 8
a
1 1
2 2
3 2
4 3
5 3
6 5
7 5
8 6
9 7
10 8
11 8
12 8
13 10
14 10
15 11
16 13
17 15
18 15
19 16
20 17
21 17
22 18
23 18
24 20
25 22
e
Alumina 24,267454074413116
Bauxita 25,93253937453494
Manganes 19,376573538824324
Ferro 20,586805159510682
ck
Alumina 5,49607690562244
Bauxita 8,221286716130274
Manganes 9,72421581622286
Ferro 7,860799347155205
q Bauxita Alumina Manganes Ferro
1  0  0  0 5,418693894051813
2  0 10,1724364592853  0  0
3  0 5,560974196242418  0  0
4  0  0  0 11,061932192095087
5 16,542507230825343  0  0  0
6  0  0  0 8,639899688362066
7  0  0 19,232817653447952  0
8  0  0 18,232362324746987  0
9  0 12,050141617798028  0  0
10  0  0  0 15,379838984625822
11  0  0  0 11,935279082681003
12  0  0 4,415727665817368  0
13  0 19,09132881291023  0  0
14  0 18,493793940242448  0  0
15  0 13,6880033621618  0  0
16  0 7,9151857707164535  0  0
17  0 6,299049439113702  0  0
18  0  0  0 14,834175987783643
19 17,45253219887684  0  0  0
20  0  0 10,938060054908043  0
21  0 11,194437910101673  0  0
22  0  0 4,259314627120046  0
23  0  0 16,32602071762497  0
24  0  0  0 17,105548044478503
25  0  0  0 4,82192873735891
