N 25
M 250
K Alumina Bauxita Manganes Ferro ;
L 5
v
1 8
2 16
3 24
4 8
5 16
a
1 1
2 2
3 4
4 5
5 6
6 7
7 8
8 10
9 11
10 11
11 12
12 14
13 16
14 17
15 17
16 19
17 21
18 21
19 21
20 21
21 22
22 22
23 24
24 24
25 26
e
Alumina 26,60606341508721
Bauxita 18,568460501148106
Manganes 19,619544983117425
Ferro 28,772780967293464
ck
Alumina 3,595130740630288
Bauxita 3,7242897235827694
Manganes 5,368368141587234
Ferro 7,99800762466695
q Bauxita Alumina Manganes Ferro
1  0  0  0 11,447612390220536
2  0 19,042606638865635  0  0
3 17,416248261858463  0  0  0
4 12,757159986083517  0  0  0
5  0 18,503634960033498  0  0
6  0 4,450752327620062  0  0
7 18,25686441707599  0  0  0
8 11,258696496424106  0  0  0
9  0 6,936046951356738  0  0
10  0 4,119917429434832  0  0
11  0  0  0 19,880082259379193
12  0 16,218827645648304  0  0
13  0  0 15,52092536345336  0
14  0 9,436001053086336  0  0
15  0 14,688842689664002  0  0
16  0  0 8,806847095412635  0
17  0  0 11,64568670898879  0
18 15,077603770231354  0  0  0
19  0 17,62044299941989  0  0
20  0  0  0 7,0226313110385465
21  0  0 6,968225188610459  0
22  0 15,725428641791344  0  0
23  0 7,692797779752267  0  0
24 5,3294413914343455  0  0  0
25  0 10,408850936532437  0  0
