N 25
M 250
K Alumina Bauxita Manganes Ferro ;
L 5
v
1 8
2 16
3 24
4 8
5 16
a
1 1
2 1
3 3
4 3
5 5
6 7
7 9
8 10
9 11
10 11
11 12
12 13
13 14
14 15
15 17
16 18
17 18
18 20
19 22
20 24
21 25
22 27
23 28
24 29
25 29
e
Alumina 29,037442261308044
Bauxita 29,30698970406003
Manganes 15,505848837868594
Ferro 28,355795181352065
ck
Alumina 3,1333552700278937
Bauxita 9,486636676086299
Manganes 5,434371508946341
Ferro 6,710485125679578
q Bauxita Alumina Manganes Ferro
1  0  0 4,770066444046893  0
2  0  0 7,063974456958176  0
3 6,7347868102236585  0  0  0
4  0 15,412797568500743  0  0
5  0  0 6,7532415049447145  0
6  0  0  0 15,705055810746206
7  0  0  0 16,631168590138188
8  0  0  0 7,987841568113616
9 10,823994951924567  0  0  0
10  0  0 8,100245255611798  0
11  0  0  0 4,700980951461219
12  0  0 17,311416562100316  0
13  0  0  0 4,629181448368103
14 10,657723003423472  0  0  0
15  0  0 15,345173978983942  0
16  0  0  0 5,689963558841489
17  0  0  0 6,205079395975959
18  0  0 7,364598299483564  0
19  0 13,491118491212836  0  0
20  0 15,841805495384936  0  0
21 4,718373077169458  0  0  0
22 11,421693088166272  0  0  0
23  0 13,371631333197874  0  0
24  0  0 6,877475582595176  0
25  0 17,189095930655483  0  0
