N 25
M 250
K Alumina Bauxita Manganes Ferro ;
L 5
v
1 8
2 16
3 24
4 8
5 16
a
1 1
2 2
3 4
4 4
5 5
6 7
7 8
8 9
9 11
10 11
11 12
12 12
13 12
14 13
15 13
16 14
17 15
18 15
19 16
20 16
21 16
22 16
23 17
24 19
25 19
e
Alumina 15,846943876073764
Bauxita 16,90042993263726
Manganes 22,109341785567423
Ferro 23,676098478856233
ck
Alumina 8,818803049872987
Bauxita 9,035959643521847
Manganes 8,168722107845236
Ferro 4,231084968571358
q Bauxita Alumina Manganes Ferro
1  0  0  0 9,965720850064699
2 17,137548491629104  0  0  0
3  0 17,66504892817668  0  0
4  0  0  0 10,97261094347756
5  0  0 17,572873654849076  0
6  0  0  0 11,060934903504107
7  0 17,113162674949418  0  0
8 8,442450223983677  0  0  0
9  0  0  0 8,270602285297402
10  0  0 5,027436153797959  0
11 13,395300179159108  0  0  0
12  0 5,3169496926564666  0  0
13  0  0  0 7,652731755586778
14  0  0  0 19,719448692495924
15  0 7,542146786417687  0  0
16  0 13,713591644833274  0  0
17  0  0 8,855118218549814  0
18 11,779143127745085  0  0  0
19 9,008266876072478  0  0  0
20  0 6,314800591638146  0  0
21  0  0 4,336139909684775  0
22 9,680120073878628  0  0  0
23  0  0  0 8,247950943874155
24  0  0 10,094076882865703  0
25 19,75834538268549  0  0  0
