N 25
M 250
K Alumina Bauxita Manganes Ferro ;
L 5
v
1 8
2 16
3 24
4 8
5 16
a
1 1
2 1
3 2
4 2
5 4
6 4
7 6
8 7
9 8
10 8
11 9
12 11
13 13
14 15
15 15
16 17
17 19
18 21
19 23
20 23
21 24
22 25
23 26
24 26
25 27
e
Alumina 27,596987450276277
Bauxita 23,99254829993936
Manganes 21,0870753986417
Ferro 20,903868510505575
ck
Alumina 5,459574948450967
Bauxita 7,703921384378636
Manganes 9,04486071360865
Ferro 8,292370252607633
q Bauxita Alumina Manganes Ferro
1  0  0  0 16,968771800284156
2 4,142801858891666  0  0  0
3  0  0 18,542037490561782  0
4  0  0 5,792443828476792  0
5 9,292741458852607  0  0  0
6  0  0 8,814057637497914  0
7 13,44081714313407  0  0  0
8 19,782615501635334  0  0  0
9  0  0 8,90131140052678  0
10  0 12,66018318345759  0  0
11 11,09641884743506  0  0  0
12  0  0  0 14,887928544414217
13  0  0  0 14,648350457530999
14  0 12,749807590873415  0  0
15  0 8,504648500739027  0  0
16  0  0  0 4,129968944627786
17  0  0  0 5,9265923479342195
18  0 4,586585328391134  0  0
19  0  0  0 18,65763066418713
20  0  0 12,718952280487143  0
21  0  0  0 7,107965052523333
22  0 16,814786955357626  0  0
23  0  0  0 17,6949902228803
24  0 10,97002682735029  0  0
25  0  0 5,788373434502883  0
