N 25
M 250
K Alumina Bauxita Manganes Ferro ;
L 5
v
1 8
2 16
3 24
4 8
5 16
a
1 1
2 1
3 1
4 2
5 2
6 3
7 4
8 6
9 8
10 9
11 10
12 12
13 14
14 14
15 16
16 18
17 18
18 18
19 19
20 19
21 19
22 20
23 20
24 22
25 22
e
Alumina 29,56189924415599
Bauxita 29,798573128660745
Manganes 29,738420934420326
Ferro 25,659485605647845
ck
Alumina 4,705702391021336
Bauxita 8,136448838099941
Manganes 9,020544969846375
Ferro 4,285089016798887
q Bauxita Alumina Manganes Ferro
1  0 11,365250965948986  0  0
2  0  0 7,586517774999072  0
3  0 15,853204998535613  0  0
4  0  0  0 5,789534464064689
5  0 5,311093769926746  0  0
6  0  0 17,529782282888057  0
7  0 7,019190250363126  0  0
8  0 8,779084815826126  0  0
9  0  0  0 15,442980878171708
10  0  0  0 18,96657727626092
11  0  0  0 19,595651584702708
12  0  0  0 7,358634668066772
13  0  0 8,827510391023836  0
14  0 8,88037522060642  0  0
15  0  0  0 4,869586325303743
16  0  0  0 18,191430966288213
17  0  0 12,539624207970446  0
18  0 14,017991859870392  0  0
19 18,735519917418305  0  0  0
20  0  0 14,266064153256602  0
21  0  0  0 8,83769171530894
22  0  0  0 11,84337933294604
23  0  0  0 18,067538624651675
24  0  0  0 6,858927236208265
25  0 7,063397913171784  0  0
