N 25
M 250
K Alumina Bauxita Manganes Ferro ;
L 6
v
1 8
2 16
3 24
4 8
5 16
6 24
a
1 1
2 3
3 5
4 5
5 5
6 6
7 8
8 8
9 10
10 12
11 14
12 16
13 18
14 20
15 22
16 22
17 22
18 23
19 24
20 24
21 26
22 26
23 27
24 27
25 29
e
Alumina 24,68955513490777
Bauxita 17,900202408472254
Manganes 26,209845238383245
Ferro 26,22279869434814
ck
Alumina 5,453070374757546
Bauxita 9,19637402581373
Manganes 7,33562748571058
Ferro 8,958011883153532
q Bauxita Alumina Manganes Ferro
1  0  0  0 7,853155455617916
2 11,23743142048699  0  0  0
3 8,628849019158261  0  0  0
4 8,134468553869555  0  0  0
5  0  0  0 18,237577791934843
6 6,661121432149592  0  0  0
7  0 16,377716619148867  0  0
8  0  0  0 5,636195872668361
9  0 5,3760626686744875  0  0
10  0 19,260075486482624  0  0
11 4,605270398108765  0  0  0
12  0  0  0 8,76567620170723
13  0  0 19,845332382576764  0
14  0  0 14,892542475403635  0
15 17,53224417185017  0  0  0
16  0  0 15,577398147024324  0
17  0  0  0 16,218366163702456
18  0  0 16,48341384157044  0
19 8,362721142769471  0  0  0
20  0 10,759350664965698  0  0
21  0 10,769709569956628  0  0
22  0  0  0 4,436408847929062
23 7,298630837774919  0  0  0
24  0 6,961429909188849  0  0
25 15,400095501707044  0  0  0
