N 25
M 250
K Alumina Bauxita Manganes Ferro ;
L 6
v
1 8
2 16
3 24
4 8
5 16
6 24
a
1 1
2 1
3 2
4 3
5 4
6 5
7 5
8 7
9 8
10 10
11 10
12 10
13 10
14 10
15 11
16 13
17 14
18 15
19 16
20 16
21 16
22 16
23 18
24 20
25 21
e
Alumina 28,74718137598198
Bauxita 18,141845530599593
Manganes 18,71594281921372
Ferro 27,53982886498687
ck
Alumina 4,890360793253498
Bauxita 6,35975314512141
Manganes 7,817430896646342
Ferro 5,247107499116358
q Bauxita Alumina Manganes Ferro
1  0  0  0 18,136918158872977
2  0 8,32731322133938  0  0
3  0 15,18727336438708  0  0
4 6,138918567748055  0  0  0
5 4,761664005829843  0  0  0
6 8,65776000285792  0  0  0
7  0  0  0 11,056867415554661
8  0 19,54782331580006  0  0
9  0  0 19,805597930790633  0
10  0 12,810702985555745  0  0
11 4,084427373858452  0  0  0
12  0  0  0 12,256900444401118
13 17,01926585599513  0  0  0
14  0  0 9,571843055279432  0
15  0 12,826397143835392  0  0
16 13,858503994068652  0  0  0
17  0  0 17,128415997079344  0
18  0 16,882035519232883  0  0
19  0  0 15,307471156468099  0
20  0  0  0 19,52323790706206
21  0 15,56917477029909  0  0
22  0  0  0 4,175471014146005
23  0 10,307310988913251  0  0
24  0  0 14,84091646680309  0
25 15,887858328690674  0  0  0
