N 25
M 250
K Alumina Bauxita Manganes Ferro ;
L 6
v
1 8
2 16
3 24
4 8
5 16
6 24
a
1 1
2 2
3 3
4 5
5 5
6 5
7 7
8 7
9 8
10 9
11 10
12 12
13 12
14 13
15 15
16 16
17 18
18 18
19 18
20 18
21 20
22 22
23 22
24 22
25 22
e
Alumina 29,430448282249678
Bauxita 16,240041192979906
Manganes 28,54186538428072
Ferro 26,406621885245066
ck
Alumina 7,745108394584861
Bauxita 5,789577764559867
Manganes 5,447709510795009
Ferro 9,68732820984294
q Bauxita Alumina Manganes Ferro
1  0  0  0 8,388638570236367
2  0  0 11,656959116095205  0
3 7,658909884853143  0  0  0
4  0 17,23973554896606  0  0
5  0  0 9,714807275432202  0
6 9,5325977141275  0  0  0
7  0  0 15,89456066238635  0
8  0  0 5,206606570154795  0
9 12,65973564181961  0  0  0
10  0 6,362323840886313  0  0
11  0 7,77479881977359  0  0
12 13,79070098423355  0  0  0
13 6,760439832642303  0  0  0
14  0  0  0 16,112903046981216
15 5,926090580224226  0  0  0
16 6,209245604019991  0  0  0
17  0 18,457745537475127  0  0
18 8,17316597360905  0  0  0
19  0  0  0 15,303999233012009
20  0  0 17,263931248096902  0
21  0 5,505487684693749  0  0
22  0  0  0 11,540907354302457
23  0  0  0 6,907000128845349
24  0  0  0 5,2835661915649705
25  0  0 4,863783529149728  0
