N 25
M 250
K Alumina Bauxita Manganes Ferro ;
L 6
v
1 8
2 16
3 24
4 8
5 16
6 24
a
1 1
2 2
3 2
4 4
5 6
6 7
7 7
8 7
9 9
10 10
11 11
12 12
13 12
14 14
15 14
16 15
17 16
18 16
19 17
20 19
21 20
22 21
23 23
24 25
25 25
e
Alumina 27,696477598922637
Bauxita 24,38029236708406
Manganes 16,724880308971592
Ferro 16,286012015728577
ck
Alumina 8,133702671431788
Bauxita 6,484634844662464
Manganes 8,998840910182892
Ferro 6,344880098519571
q Bauxita Alumina Manganes Ferro
1  0  0 5,739419356105829  0
2  0  0 19,58299411814486  0
3  0 12,145626813229637  0  0
4  0  0  0 19,0785035653115
5  0 15,664224142711312  0  0
6  0 5,104662380768927  0  0
7  0  0  0 19,042861044545372
8 13,426476767840136  0  0  0
9 8,379061475211163  0  0  0
10  0  0  0 16,81930568511051
11  0 6,826288562507489  0  0
12  0  0 16,59830702656213  0
13 11,819300068098809  0  0  0
14  0  0  0 4,957767705943196
15  0  0  0 5,155940262002895
16  0  0 14,228805988240127  0
17  0  0  0 15,971754966528206
18 19,986150879843883  0  0  0
19  0  0 11,952784517926405  0
20  0  0  0 16,533212120863183
21  0 8,54375144385092  0  0
22  0  0  0 15,62701745199896
23  0  0 19,002974498156703  0
24  0 15,324292200044637  0  0
25  0  0 7,657072532216196  0
