N 25
M 250
K Alumina Bauxita Manganes Ferro ;
L 6
v
1 8
2 16
3 24
4 8
5 16
6 24
a
1 1
2 1
3 3
4 3
5 5
6 6
7 8
8 10
9 10
10 10
11 12
12 13
13 14
14 16
15 18
16 18
17 20
18 21
19 22
20 24
21 24
22 25
23 27
24 27
25 28
e
Alumina 23,4613219016316
Bauxita 16,62889936297252
Manganes 17,29826592011849
Ferro 22,03388227938582
ck
Alumina 5,1166981592363
Bauxita 4,654254916610482
Manganes 4,6973474662834445
Ferro 5,3231299187424455
q Bauxita Alumina Manganes Ferro
1  0  0  0 18,83457122898904
2 9,1273164106151  0  0  0
3 19,933091172587034  0  0  0
4  0 19,61339047450482  0  0
5 5,593962480553163  0  0  0
6  0  0 5,625597401545363  0
7 14,864226575482823  0  0  0
8  0  0  0 14,138313746435097
9  0  0  0 12,176941827810863
10  0  0 17,950106396001182  0
11 19,701237853725903  0  0  0
12  0  0  0 12,669491439377538
13  0  0 10,528219445741177  0
14 15,104471854007182  0  0  0
15 18,280947665537422  0  0  0
16  0 4,614228834927255  0  0
17  0  0 8,908770685301072  0
18  0  0  0 9,34609603072192
19  0 5,574047621665798  0  0
20  0 8,948789425790455  0  0
21  0  0 8,040486159497725  0
22  0 5,129689111783193  0  0
23  0  0  0 17,714629895414575
24  0 9,824561567842055  0  0
25  0  0 9,542363797478593  0
