N 30
M 250
K Alumina Bauxita Manganes Ferro ;
L 1
v
1 8
a
1 1
2 3
3 4
4 5
5 5
6 6
7 7
8 7
9 7
10 9
11 11
12 11
13 11
14 13
15 15
16 15
17 17
18 19
19 20
20 21
21 23
22 24
23 24
24 24
25 26
26 28
27 28
28 28
29 30
30 32
e
Alumina 18,615148352519824
Bauxita 26,186284084589694
Manganes 25,053622084936656
Ferro 19,38457421041213
ck
Alumina 8,760771154329584
Bauxita 9,83513182085018
Manganes 5,149003291692495
Ferro 3,3275372487686727
q Bauxita Alumina Manganes Ferro
1 19,760241586028197  0  0  0
2  0  0  0 11,49511491627979
3  0 10,394908753832281  0  0
4 4,44141198879832  0  0  0
5  0 16,946764211392846  0  0
6  0 8,81450926900266  0  0
7  0  0  0 16,50412668230197
8  0  0 15,603221256043897  0
9  0 7,3873247832364815  0  0
10  0 9,262549840479087  0  0
11  0 15,811932639810143  0  0
12 12,971393225805867  0  0  0
13  0  0 6,556709694933646  0
14  0 13,361804129659458  0  0
15  0  0 13,893157657456737  0
16  0 5,734400733729059  0  0
17  0  0 10,387636156093583  0
18  0  0 5,939848226483136  0
19  0  0  0 4,308942356559786
20  0  0  0 8,066877410133033
21  0  0 15,319760154382347  0
22  0  0 13,529634878210588  0
23  0  0 14,916729798426111  0
24  0 8,747056419224103  0  0
25  0  0  0 7,745921364290147
26  0 11,044839362303978  0  0
27  0 5,120793292687496  0  0
28  0  0  0 4,8849905412384125
29  0  0 12,82627400505785  0
30  0 9,43019824575767  0  0
