N 30
M 250
K Alumina Bauxita Manganes Ferro ;
L 1
v
1 8
a
1 1
2 1
3 3
4 5
5 7
6 8
7 10
8 11
9 12
10 12
11 12
12 14
13 14
14 14
15 16
16 18
17 19
18 21
19 23
20 25
21 25
22 25
23 26
24 27
25 27
26 29
27 30
28 32
29 33
30 33
e
Alumina 16,490190105992788
Bauxita 20,91298166092647
Manganes 27,505852165776133
Ferro 17,840099986065763
ck
Alumina 9,62919711597468
Bauxita 8,466454681196458
Manganes 8,93872986358491
Ferro 6,123865238043434
q Bauxita Alumina Manganes Ferro
1  0  0 11,344422365153912  0
2 4,229108887554888  0  0  0
3  0 14,97422223963755  0  0
4  0  0 5,652023670334923  0
5  0 14,580560444827324  0  0
6  0  0  0 6,917049071654093
7 6,762368608619008  0  0  0
8  0  0 14,524503201052864  0
9  0  0 14,38413810304654  0
10  0  0  0 5,041458718537035
11  0 10,477839984102477  0  0
12  0  0  0 15,94199317884669
13  0  0  0 4,795712480418887
14 13,989183028596656  0  0  0
15  0  0  0 16,757986706460063
16  0  0 7,150525296894964  0
17  0 17,932174293145845  0  0
18  0 8,015401544632914  0  0
19  0  0 17,046513524905343  0
20  0  0 19,436832409855207  0
21  0  0  0 5,181913416568481
22 10,698487849858122  0  0  0
23  0 15,369248361979945  0  0
24  0 16,478725900396974  0  0
25  0  0  0 4,218384022410129
26 18,93411514347495  0  0  0
27 4,069121612636577  0  0  0
28  0 14,946631100603883  0  0
29  0  0  0 10,483274291946987
30 4,99010207520829  0  0  0
