N 30
M 250
K Alumina Bauxita Manganes Ferro ;
L 1
v
1 8
a
1 1
2 3
3 5
4 5
5 6
6 8
7 10
8 12
9 14
10 15
11 16
12 18
13 20
14 20
15 21
16 23
17 25
18 25
19 25
20 25
21 25
22 27
23 27
24 27
25 29
26 31
27 31
28 32
29 34
30 36
e
Alumina 17,57129472465984
Bauxita 26,936318208809844
Manganes 21,485031599614267
Ferro 23,581262355871296
ck
Alumina 3,420967340467409
Bauxita 5,546826226376401
Manganes 5,266002430444611
Ferro 7,610139056354147
q Bauxita Alumina Manganes Ferro
1  0  0 19,762289791688403  0
2  0  0  0 9,493026531780586
3 15,951745193495857  0  0  0
4  0  0 4,328394601917964  0
5 6,3477893115266895  0  0  0
6  0  0 16,197280750202715  0
7  0 13,484610766714843  0  0
8  0  0 11,05948449471211  0
9  0 12,13533263836621  0  0
10  0  0 5,026754169978073  0
11  0 11,43514144351134  0  0
12  0 6,624775626439714  0  0
13  0  0  0 5,107007915953806
14 13,36346629068706  0  0  0
15  0 5,852319340745641  0  0
16 13,616578282709202  0  0  0
17  0  0 19,73380395311759  0
18 11,454651608458894  0  0  0
19 5,288818672151262  0  0  0
20 17,240570094232083  0  0  0
21  0  0  0 9,87341577899623
22  0 9,975041471546085  0  0
23  0 19,440773627147564  0  0
24  0  0  0 4,7914125409048385
25  0  0 18,75851760626807  0
26 16,503908062203084  0  0  0
27  0  0  0 7,400860844996897
28  0  0  0 6,856376950753026
29 13,965756496649556  0  0  0
30  0 11,986616434934465  0  0
