N 30
M 250
K Alumina Bauxita Manganes Ferro ;
L 1
v
1 8
a
1 1
2 2
3 3
4 5
5 6
6 6
7 6
8 8
9 10
10 10
11 10
12 11
13 13
14 14
15 15
16 17
17 19
18 21
19 23
20 25
21 27
22 27
23 27
24 28
25 28
26 28
27 29
28 31
29 33
30 35
e
Alumina 24,795268023380608
Bauxita 26,100945437750035
Manganes 25,62080561029147
Ferro 26,278702481929564
ck
Alumina 4,703662799087694
Bauxita 4,181995468119265
Manganes 4,315935935400338
Ferro 8,85615060885415
q Bauxita Alumina Manganes Ferro
1  0  0 9,797396129320662  0
2  0 5,524731517489329  0  0
3  0  0 4,033888805667795  0
4  0  0 6,0329646851191185  0
5  0  0  0 10,362919346565981
6  0 7,222531700813084  0  0
7  0  0 18,801869558709974  0
8 18,597713998292512  0  0  0
9  0  0 14,813275173219509  0
10  0  0  0 16,738566857279324
11  0  0 14,193460621857856  0
12  0  0 6,137622157148112  0
13  0  0 11,952566187860747  0
14  0 8,65260918016597  0  0
15  0 9,355479639457089  0  0
16  0  0  0 11,847633067575774
17  0  0 13,897291787529058  0
18  0 5,28927130019421  0  0
19  0 10,951885350358085  0  0
20  0 9,892399186897125  0  0
21  0  0 19,720482759930615  0
22  0 17,107061157549666  0  0
23  0  0 18,387949411344337  0
24  0  0  0 18,597055287646885
25  0 19,938127039201525  0  0
26  0  0  0 12,901404138794065
27  0  0  0 15,703346322481137
28  0  0 5,694620264098102  0
29 19,358585933351506  0  0  0
30  0 9,330472955141378  0  0
