N 30
M 250
K Alumina Bauxita Manganes Ferro ;
L 1
v
1 8
a
1 1
2 1
3 3
4 3
5 5
6 7
7 7
8 9
9 10
10 10
11 11
12 11
13 12
14 13
15 15
16 17
17 18
18 18
19 19
20 19
21 19
22 21
23 21
24 23
25 25
26 25
27 25
28 25
29 25
30 27
e
Alumina 16,069725252733715
Bauxita 28,947588964093086
Manganes 16,478880333609876
Ferro 25,118756100425266
ck
Alumina 6,086260248562242
Bauxita 3,6419600916399135
Manganes 3,1873069127061067
Ferro 3,8485384773722386
q Bauxita Alumina Manganes Ferro
1 10,409732027588156  0  0  0
2 19,253659453722474  0  0  0
3  0  0 10,156981459156828  0
4  0  0  0 4,469389912678615
5  0  0  0 5,678974666226246
6  0  0 6,875149180971217  0
7  0  0 8,392294376475284  0
8  0 17,702345086276836  0  0
9 8,258789964423853  0  0  0
10  0  0 18,008406247002945  0
11  0 10,96053348845834  0  0
12 4,57254926745377  0  0  0
13  0 9,581779071631207  0  0
14  0  0  0 17,653780784307216
15  0 8,361744137332282  0  0
16  0  0  0 7,507709238800151
17  0 19,628320242104827  0  0
18  0  0 6,85872171695242  0
19  0 9,619164743387476  0  0
20  0 14,018468104783027  0  0
21  0 7,779430799591097  0  0
22  0 10,72124370738233  0  0
23  0 7,545726162948618  0  0
24 7,206945261802101  0  0  0
25 18,4829941311028  0  0  0
26  0  0  0 16,03800670591225
27 15,046014787366563  0  0  0
28  0 13,212694640700793  0  0
29  0  0 15,56868734873238  0
30 16,242511320433103  0  0  0
