N 30
M 250
K Alumina Bauxita Manganes Ferro ;
L 2
v
1 8
2 16
a
1 1
2 3
3 3
4 3
5 3
6 4
7 4
8 6
9 7
10 9
11 10
12 11
13 12
14 14
15 15
16 17
17 18
18 18
19 18
20 19
21 20
22 21
23 23
24 25
25 27
26 28
27 30
28 31
29 33
30 35
e
Alumina 16,684898491517846
Bauxita 19,63139621570354
Manganes 22,60682588364333
Ferro 17,886343959292056
ck
Alumina 7,946045244222239
Bauxita 4,91520506174424
Manganes 3,771930375904153
Ferro 9,009442001185704
q Bauxita Alumina Manganes Ferro
1  0  0 7,858811722930353  0
2  0  0 5,683587250892131  0
3  0  0  0 7,433181134216063
4  0  0 19,40942283906093  0
5 15,266755834659785  0  0  0
6  0  0  0 7,06209541559009
7 7,258875115750088  0  0  0
8  0  0  0 15,198695960852845
9 15,000302277065183  0  0  0
10  0  0  0 9,16678884687665
11  0  0  0 8,83188897689788
12  0  0  0 16,701321076497976
13  0  0 17,967630314026323  0
14 19,631869950127374  0  0  0
15  0  0  0 19,364119255713305
16 4,22291199179803  0  0  0
17  0 16,25095968044166  0  0
18  0  0 13,32325631059286  0
19 14,974662148555757  0  0  0
20  0 7,622316447765796  0  0
21  0  0  0 9,082632645477085
22  0 18,589626232439294  0  0
23  0  0 9,57571882200432  0
24  0  0  0 16,81707323838269
25 7,801964776498513  0  0  0
26  0 19,822207168973996  0  0
27  0  0  0 18,754920441256253
28 15,616459855852188  0  0  0
29  0 5,8044158457036374  0  0
30  0 11,30004209982275  0  0
