N 30
M 250
K Alumina Bauxita Manganes Ferro ;
L 2
v
1 8
2 16
a
1 1
2 3
3 3
4 5
5 5
6 5
7 6
8 6
9 8
10 9
11 10
12 10
13 12
14 13
15 14
16 16
17 17
18 17
19 19
20 21
21 23
22 25
23 27
24 27
25 28
26 29
27 30
28 32
29 32
30 33
e
Alumina 18,64169577775782
Bauxita 21,518239468397812
Manganes 18,699183488968657
Ferro 15,314471759648258
ck
Alumina 3,240954175665453
Bauxita 5,510645666154705
Manganes 3,682975609489491
Ferro 7,0553736727518155
q Bauxita Alumina Manganes Ferro
1  0 11,0548950780967  0  0
2  0  0  0 17,521693059145292
3  0 10,937810137201678  0  0
4  0  0 8,910184912127356  0
5  0 18,265254362934  0  0
6  0  0 7,135333834644618  0
7  0 9,383198183372329  0  0
8  0  0  0 10,969368546630381
9  0  0 16,81404206592972  0
10  0  0 12,717349695939657  0
11  0  0 13,94235806813496  0
12 9,894433988596083  0  0  0
13  0  0  0 12,668922576107942
14 14,151468947862861  0  0  0
15  0 13,29941901066144  0  0
16 15,144347731210175  0  0  0
17  0  0  0 10,529635913394374
18 9,91330897331666  0  0  0
19 6,783914930027379  0  0  0
20  0 15,64412234438302  0  0
21  0 4,4581046330209  0  0
22 15,736481361931077  0  0  0
23 7,143226394714905  0  0  0
24  0  0 15,374478163023854  0
25  0  0 11,126467002845681  0
26  0  0  0 5,405582734126488
27  0  0 4,658005447432727  0
28 6,5640504021508566  0  0  0
29  0  0 8,985033497797302  0
30  0  0 9,896324038645156  0
