N 30
M 250
K Alumina Bauxita Manganes Ferro ;
L 2
v
1 8
2 16
a
1 1
2 2
3 2
4 4
5 5
6 6
7 8
8 8
9 9
10 9
11 11
12 12
13 12
14 14
15 14
16 16
17 18
18 19
19 21
20 22
21 22
22 22
23 23
24 25
25 26
26 27
27 29
28 29
29 31
30 31
e
Alumina 27,96459497934698
Bauxita 18,580889818805172
Manganes 24,157596331726353
Ferro 16,306158475623118
ck
Alumina 6,947430651979755
Bauxita 8,728744387305499
Manganes 5,3096634487165435
Ferro 9,737578980380233
q Bauxita Alumina Manganes Ferro
1  0  0  0 15,506453394063035
2  0 10,215819416237656  0  0
3  0 4,760861825264881  0  0
4  0 8,271222441975777  0  0
5  0  0 19,77663592889778  0
6  0  0 14,415101729204297  0
7 8,990829748531787  0  0  0
8  0 4,706920345224779  0  0
9  0  0 4,035871105041643  0
10  0  0  0 19,873503048376314
11  0 6,324822071035584  0  0
12  0  0  0 14,9896462786949
13 6,244399597394466  0  0  0
14  0  0 18,933059775821512  0
15  0  0 4,468256413835254  0
16  0  0  0 19,163349460896796
17 8,259510531809394  0  0  0
18  0  0 17,037797078370264  0
19  0  0  0 4,859214946099501
20  0  0  0 18,62455220401616
21  0  0 5,401553355064555  0
22  0  0  0 13,014685128811788
23 10,821946806672944  0  0  0
24 16,91758102326466  0  0  0
25 4,007919812866231  0  0  0
26  0  0  0 17,360998514544022
27  0 11,226908566219926  0  0
28  0 6,432742683556906  0  0
29  0  0 7,4847387360315025  0
30  0  0 6,576784853023364  0
