N 30
M 250
K Alumina Bauxita Manganes Ferro ;
L 2
v
1 8
2 16
a
1 1
2 1
3 3
4 3
5 5
6 7
7 7
8 7
9 7
10 8
11 9
12 9
13 10
14 10
15 12
16 14
17 14
18 14
19 14
20 14
21 15
22 17
23 19
24 20
25 22
26 23
27 23
28 25
29 26
30 26
e
Alumina 23,407221234640925
Bauxita 26,568732255116068
Manganes 22,91795652226176
Ferro 23,78230963251343
ck
Alumina 9,615601906449484
Bauxita 5,690508650869394
Manganes 6,08566704244385
Ferro 7,261204166696908
q Bauxita Alumina Manganes Ferro
1  0  0 10,529053915639041  0
2  0 16,451333232192283  0  0
3  0 19,237864653983372  0  0
4 11,018585994160615  0  0  0
5  0  0  0 19,633278353808283
6  0 5,235000765830716  0  0
7 10,087970660234218  0  0  0
8  0 19,24480633335142  0  0
9 9,75149211198931  0  0  0
10  0  0  0 12,911120123554314
11  0  0 19,131162975213787  0
12  0  0 8,476349939334643  0
13  0  0  0 8,198975032709544
14  0 17,68859884110471  0  0
15  0  0  0 14,608812871780014
16  0  0  0 17,84213907788225
17  0  0  0 18,173007728588964
18  0  0 18,82756540103168  0
19  0  0 6,255754237828215  0
20  0  0  0 16,772562973668883
21  0  0 15,951290927685987  0
22  0  0 13,330449219051907  0
23  0 14,052093764826349  0  0
24  0  0 15,225361411803842  0
25  0 7,581752250927153  0  0
26 17,60416360606437  0  0  0
27  0  0 16,16464937825967  0
28  0  0 8,53420721132369  0
29  0  0  0 18,839201870244693
30  0 9,82054211734197  0  0
