N 30
M 250
K Alumina Bauxita Manganes Ferro ;
L 2
v
1 8
2 16
a
1 1
2 3
3 4
4 6
5 6
6 7
7 9
8 10
9 10
10 12
11 13
12 14
13 16
14 17
15 17
16 17
17 17
18 18
19 18
20 20
21 20
22 22
23 23
24 23
25 23
26 24
27 24
28 24
29 26
30 26
e
Alumina 17,266850957550748
Bauxita 17,169533963471423
Manganes 21,11280858822363
Ferro 19,388388347227988
ck
Alumina 6,499167542729052
Bauxita 4,464849937546181
Manganes 6,546088031051056
Ferro 3,751811918694235
q Bauxita Alumina Manganes Ferro
1  0  0  0 5,879437343602936
2  0  0 10,495540555182922  0
3  0  0 10,941801678306069  0
4  0  0  0 7,203403612605381
5  0  0  0 19,94319170258102
6 13,508920774152358  0  0  0
7 16,416590117348413  0  0  0
8  0 14,130912680938643  0  0
9  0 17,36329937755584  0  0
10 19,85612261057903  0  0  0
11  0 17,032296923677848  0  0
12  0 15,93569683982789  0  0
13  0 4,1278598786774925  0  0
14  0 15,576322529617462  0  0
15  0  0  0 5,251439479710685
16  0 19,853574450185775  0  0
17  0  0 18,78205065188805  0
18  0  0 4,341715363956665  0
19  0  0 7,217380186039755  0
20  0  0 13,165549661668976  0
21  0 9,030612690672978  0  0
22  0  0 7,052909888693417  0
23 6,560227015596912  0  0  0
24  0  0  0 18,58836108985861
25  0 16,37105203093426  0  0
26  0  0  0 4,384364506358869
27  0  0 8,980376091233632  0
28  0  0  0 17,189069567067964
29 5,334615157915017  0  0  0
30  0  0 10,441309386065209  0
