N 30
M 250
K Alumina Bauxita Manganes Ferro ;
L 3
v
1 8
2 16
3 24
a
1 1
2 2
3 4
4 4
5 4
6 5
7 5
8 7
9 7
10 9
11 10
12 11
13 11
14 11
15 13
16 13
17 13
18 14
19 15
20 16
21 17
22 19
23 20
24 22
25 22
26 23
27 25
28 27
29 29
30 30
e
Alumina 17,520147852361323
Bauxita 17,196021939743506
Manganes 22,341239956153675
Ferro 22,866866109192582
ck
Alumina 5,551757759966577
Bauxita 4,8660122067472775
Manganes 4,95607936674797
Ferro 3,0995377740078003
q Bauxita Alumina Manganes Ferro
1  0 6,778485800185267  0  0
2  0  0  0 12,831009165420703
3 8,3842226717343  0  0  0
4  0 5,378035586594365  0  0
5  0  0  0 13,335990585386536
6  0 16,90776723908891  0  0
7  0  0 4,227986973350145  0
8  0  0 17,038965893654833  0
9  0 13,54405585160108  0  0
10  0  0  0 14,11425638270925
11  0  0  0 11,247605493910774
12  0  0 19,231646517948597  0
13  0 13,60992498943439  0  0
14  0  0 6,919326972641931  0
15  0  0 19,291825913263448  0
16  0 14,845237557130735  0  0
17  0 18,525245106995143  0  0
18  0  0 19,909627384814776  0
19  0 8,185585082058115  0  0
20  0  0 7,538009231979874  0
21  0 5,573780777362712  0  0
22  0 14,542300627051135  0  0
23  0 6,069164169519775  0  0
24  0  0 19,223808908998812  0
25  0 8,642732583873636  0  0
26  0  0  0 17,13983610141588
27 13,85871236130338  0  0  0
28  0 7,494786211900097  0  0
29  0 4,458374969313489  0  0
30  0 15,911664268073933  0  0
