N 30
M 250
K Alumina Bauxita Manganes Ferro ;
L 3
v
1 8
2 16
3 24
a
1 1
2 2
3 4
4 4
5 6
6 6
7 6
8 7
9 8
10 10
11 12
12 14
13 15
14 16
15 18
16 19
17 21
18 23
19 25
20 26
21 27
22 27
23 28
24 30
25 32
26 32
27 34
28 36
29 36
30 37
e
Alumina 21,925550471251107
Bauxita 26,36994631269818
Manganes 24,543315169478113
Ferro 20,11464886511977
ck
Alumina 9,743302927552836
Bauxita 6,663031605049699
Manganes 8,378219680508955
Ferro 7,777885347765481
q Bauxita Alumina Manganes Ferro
1  0  0 5,9725812287054225  0
2 15,65189546285498  0  0  0
3  0 6,6033745490968325  0  0
4  0  0  0 18,826472530659238
5  0  0  0 4,626952349654607
6  0  0  0 4,513373881421682
7 5,0094010298835165  0  0  0
8  0 5,213994688663785  0  0
9  0  0 6,4223840211980985  0
10  0 16,96184621233264  0  0
11  0 17,535365420953916  0  0
12  0  0 7,450569426931461  0
13  0  0 13,624969489573107  0
14  0  0 14,396418909681046  0
15 5,027746782101431  0  0  0
16  0 13,985797497782539  0  0
17  0  0  0 9,823686555711555
18 8,28356597896738  0  0  0
19 19,915492490465024  0  0  0
20 9,538660137088648  0  0  0
21  0  0 13,588692380800438  0
22  0  0  0 15,240130899328566
23  0 11,650859001521354  0  0
24 5,964709225380311  0  0  0
25  0  0 10,980499344211061  0
26  0  0  0 12,513014104804162
27  0 15,417259071511719  0  0
28  0 6,235623783201728  0  0
29 7,6280997714001355  0  0  0
30  0 11,448179402942289  0  0
