N 30
M 250
K Alumina Bauxita Manganes Ferro ;
L 3
v
1 8
2 16
3 24
a
1 1
2 2
3 3
4 5
5 6
6 8
7 8
8 10
9 11
10 11
11 12
12 14
13 15
14 16
15 17
16 17
17 18
18 18
19 18
20 18
21 18
22 19
23 21
24 21
25 23
26 23
27 25
28 27
29 27
30 28
e
Alumina 15,254930096897272
Bauxita 20,535654205716323
Manganes 16,504546383955912
Ferro 27,868839580323773
ck
Alumina 4,008048729547344
Bauxita 5,080067797630851
Manganes 5,253158044107199
Ferro 3,7514398162081717
q Bauxita Alumina Manganes Ferro
1 6,64329641968453  0  0  0
2  0 18,9991380522343  0  0
3 19,427484073431067  0  0  0
4 7,643072068059507  0  0  0
5  0  0  0 11,36473407463155
6  0 4,567680791824213  0  0
7  0 19,879569851648416  0  0
8  0 13,330101262365124  0  0
9  0  0 9,08438919447431  0
10  0 17,640787919548973  0  0
11 13,245760869347238  0  0  0
12  0 12,140956576939436  0  0
13  0 8,819029001012181  0  0
14 10,76775082614258  0  0  0
15 10,191452931878853  0  0  0
16  0  0 15,334183223500805  0
17  0  0 9,049435344630835  0
18  0  0  0 5,007132243087629
19  0  0 5,555886620460191  0
20 14,766598772715746  0  0  0
21  0  0 14,746010559843313  0
22  0  0 7,575735948767722  0
23 14,184102613816004  0  0  0
24  0  0 6,346430929278963  0
25  0  0  0 13,15419455238174
26  0  0  0 14,142526099708979
27  0  0  0 16,352826255836895
28  0  0  0 4,652013841115668
29 5,034188808583348  0  0  0
30  0 8,202452723289541  0  0
