N 30
M 250
K Alumina Bauxita Manganes Ferro ;
L 3
v
1 8
2 16
3 24
a
1 1
2 3
3 3
4 4
5 6
6 6
7 6
8 6
9 6
10 8
11 10
12 12
13 12
14 14
15 16
16 17
17 19
18 20
19 20
20 21
21 23
22 25
23 26
24 28
25 28
26 29
27 29
28 29
29 29
30 30
e
Alumina 25,72560587032472
Bauxita 19,404025908801085
Manganes 15,828655304624116
Ferro 29,629783601821188
ck
Alumina 8,322138720326919
Bauxita 5,232239609304065
Manganes 8,358816819387343
Ferro 5,414573823483612
q Bauxita Alumina Manganes Ferro
1  0  0 8,062739951332532  0
2  0  0 5,307477430488717  0
3  0 16,15885203439364  0  0
4  0  0  0 13,572683213842629
5  0  0 9,15442186071699  0
6  0  0  0 15,572290585730604
7  0  0 5,077526817232561  0
8  0 14,573474443119984  0  0
9  0  0  0 12,852675260656422
10  0  0 16,721789492331382  0
11  0  0  0 19,068535546256406
12 12,000413694076887  0  0  0
13  0  0 8,267387166692878  0
14  0 15,912566782988625  0  0
15  0 10,358134978643166  0  0
16  0 7,125820136609262  0  0
17  0  0 17,063039750514125  0
18  0 4,605156798738344  0  0
19  0  0  0 11,541122663816278
20  0 17,036264832836608  0  0
21 17,963933105880464  0  0  0
22  0  0  0 14,377579792426392
23  0  0  0 16,55461554220436
24  0 11,404038737457194  0  0
25  0 19,302819032048554  0  0
26  0 14,948632088740576  0  0
27 8,719550414054874  0  0  0
28 12,546746452671336  0  0  0
29 15,494407645648797  0  0  0
30  0  0  0 10,88984588271676
