N 30
M 250
K Alumina Bauxita Manganes Ferro ;
L 3
v
1 8
2 16
3 24
a
1 1
2 2
3 2
4 3
5 4
6 5
7 7
8 7
9 9
10 9
11 11
12 11
13 12
14 12
15 14
16 16
17 17
18 19
19 19
20 19
21 19
22 20
23 21
24 22
25 23
26 25
27 25
28 26
29 28
30 29
e
Alumina 15,822595609163306
Bauxita 19,03580258910887
Manganes 17,84314945996427
Ferro 29,180506657457734
ck
Alumina 4,628294258677128
Bauxita 4,670081788221886
Manganes 7,649953958357576
Ferro 3,0181029676137046
q Bauxita Alumina Manganes Ferro
1  0  0 16,14443947006839  0
2  0  0 13,210030135047113  0
3 17,805803995307016  0  0  0
4 17,670668236407778  0  0  0
5 11,86015207534187  0  0  0
6  0  0 12,629574235083862  0
7 16,354963700950023  0  0  0
8  0 9,691890007217156  0  0
9  0 13,821083908535162  0  0
10 14,100052441406197  0  0  0
11 9,793475886378026  0  0  0
12  0  0 14,73983762654619  0
13 6,155626238762128  0  0  0
14  0 16,995514637979827  0  0
15  0 14,572420139313584  0  0
16  0  0 17,120142020740417  0
17 16,15373216024241  0  0  0
18  0  0  0 14,67819449624502
19  0  0  0 4,755870156306997
20  0 5,499230831366448  0  0
21  0  0 11,626423538334992  0
22  0 15,573308053027361  0  0
23  0  0  0 13,939504447173794
24 9,236657928378417  0  0  0
25  0 16,36696907168338  0  0
26 15,538753702446284  0  0  0
27  0  0  0 14,219702130396147
28  0  0  0 13,112628059277549
29 16,92320890366546  0  0  0
30 12,252156047624032  0  0  0
