N 30
M 250
K Alumina Bauxita Manganes Ferro ;
L 4
v
1 8
2 16
3 24
4 8
a
1 1
2 3
3 4
4 5
5 7
6 7
7 8
8 9
9 9
10 11
11 11
12 11
13 12
14 14
15 14
16 15
17 16
18 16
19 18
20 20
21 22
22 23
23 24
24 26
25 26
26 28
27 30
28 30
29 32
30 33
e
Alumina 21,279188707551523
Bauxita 22,858941971635012
Manganes 27,782138690216456
Ferro 29,593888179690417
ck
Alumina 7,762587130715033
Bauxita 8,127439489018265
Manganes 8,752951610942365
Ferro 7,905974575566838
q Bauxita Alumina Manganes Ferro
1 9,461832600405193  0  0  0
2 8,881886830180072  0  0  0
3 6,055847125293134  0  0  0
4  0 12,751491497118652  0  0
5  0 14,501472288970785  0  0
6  0 16,476042810278962  0  0
7  0 11,793805536117894  0  0
8 8,80255544615789  0  0  0
9  0 17,86481347932855  0  0
10 4,122342031936032  0  0  0
11  0  0  0 16,30414856770244
12  0  0  0 12,1686035774669
13  0  0 14,099197325997938  0
14  0 18,232749887936446  0  0
15 16,35875210225576  0  0  0
16  0  0  0 14,13179467946961
17  0  0 4,089116634586551  0
18  0  0  0 5,820904413180692
19  0 5,679307195521735  0  0
20  0  0  0 19,124389697211626
21  0  0 16,405180651759053  0
22  0  0 10,524027517556098  0
23  0  0  0 15,313617285298688
24  0 11,044231619881947  0  0
25  0 8,12409307687594  0  0
26  0  0 9,05018744685411  0
27 10,40475401408928  0  0  0
28  0 15,972128805381525  0  0
29  0 11,069058486432931  0  0
30  0 14,156445354415899  0  0
