N 30
M 250
K Alumina Bauxita Manganes Ferro ;
L 4
v
1 8
2 16
3 24
4 8
a
1 1
2 2
3 3
4 5
5 6
6 8
7 8
8 8
9 10
10 12
11 12
12 13
13 14
14 16
15 18
16 20
17 20
18 22
19 22
20 22
21 23
22 23
23 25
24 25
25 25
26 27
27 29
28 31
29 33
30 35
e
Alumina 24,261956191629494
Bauxita 21,022838177959073
Manganes 19,207356781983968
Ferro 27,47883786115575
ck
Alumina 9,852533095967006
Bauxita 3,326744575557697
Manganes 9,633776710380015
Ferro 5,459094196593315
q Bauxita Alumina Manganes Ferro
1 13,437516711776583  0  0  0
2  0 18,68661172504968  0  0
3  0  0 5,99547894335916  0
4  0  0 19,836491116261477  0
5  0 7,698253917717961  0  0
6 4,29989464651708  0  0  0
7  0  0 4,80212011147791  0
8  0 12,140847906946721  0  0
9  0 11,98568046101175  0  0
10  0 5,673546939595301  0  0
11  0  0  0 8,434835282084986
12  0  0 18,867583404837223  0
13 15,025002688087794  0  0  0
14  0 14,40145191085939  0  0
15  0 10,221645010059488  0  0
16  0  0 17,414910056226052  0
17  0  0  0 13,23740116725468
18  0  0  0 13,852040587260447
19  0  0 14,852946026596333  0
20  0  0  0 10,306493163782614
21  0 16,20009706008192  0  0
22  0  0  0 15,782259235462796
23 8,753908955199204  0  0  0
24  0  0  0 11,7959785576805
25  0  0  0 17,827008433236294
26 10,477185287825577  0  0  0
27 7,745268479059485  0  0  0
28  0 9,478043898158273  0  0
29  0  0 18,20303772769816  0
30  0  0 9,041730239233043  0
