N 30
M 250
K Alumina Bauxita Manganes Ferro ;
L 4
v
1 8
2 16
3 24
4 8
a
1 1
2 1
3 2
4 3
5 5
6 6
7 6
8 8
9 9
10 11
11 12
12 13
13 13
14 15
15 15
16 16
17 17
18 17
19 18
20 18
21 19
22 20
23 22
24 23
25 25
26 25
27 26
28 26
29 28
30 30
e
Alumina 18,945375872941163
Bauxita 20,745225072395545
Manganes 16,799196240470007
Ferro 15,638823814079728
ck
Alumina 9,22871416191907
Bauxita 8,312797121290554
Manganes 6,87581806010718
Ferro 8,76098827471127
q Bauxita Alumina Manganes Ferro
1 17,059787837172244  0  0  0
2 15,669089565474872  0  0  0
3 16,333373559224775  0  0  0
4  0  0 16,736664984157404  0
5 9,301760741425056  0  0  0
6  0 7,025342176114105  0  0
7 12,647916213915611  0  0  0
8 10,422992145150687  0  0  0
9  0  0 16,208287462791958  0
10  0 6,5239230810296895  0  0
11 10,241644964858411  0  0  0
12  0 19,475515707391715  0  0
13  0  0  0 4,535848004062315
14 16,467329763467546  0  0  0
15  0  0 13,542584591709165  0
16 10,693414116010846  0  0  0
17 10,640338675782324  0  0  0
18  0 6,849326396156011  0  0
19 4,184583163391707  0  0  0
20  0 8,471795658829453  0  0
21  0  0 18,581776158888875  0
22  0 11,671264170100487  0  0
23  0  0 4,15923937430248  0
24  0 4,3403491323961525  0  0
25  0  0  0 6,804304749421057
26  0  0 14,588742673321995  0
27  0  0 6,288851953904214  0
28 11,703774702563754  0  0  0
29  0  0  0 5,132042602791385
30  0  0  0 13,546673055275095
