N 30
M 250
K Alumina Bauxita Manganes Ferro ;
L 4
v
1 8
2 16
3 24
4 8
a
1 1
2 1
3 2
4 3
5 3
6 4
7 6
8 7
9 9
10 10
11 10
12 12
13 12
14 14
15 16
16 18
17 18
18 19
19 21
20 22
21 24
22 25
23 27
24 29
25 31
26 31
27 31
28 31
29 32
30 32
e
Alumina 28,252058497878835
Bauxita 18,092124014727663
Manganes 19,70803435052586
Ferro 29,003122144904808
ck
Alumina 7,731316065407383
Bauxita 3,4429195427804924
Manganes 6,5449599910748555
Ferro 7,304410442338849
q Bauxita Alumina Manganes Ferro
1  0 13,133137954928227  0  0
2  0 12,270669937990869  0  0
3 14,593361851445357  0  0  0
4 13,321334630067401  0  0  0
5  0  0  0 13,984065476523291
6  0  0 7,338362121777152  0
7  0 7,961724920349242  0  0
8  0  0  0 6,096171456737462
9  0 18,006915469202603  0  0
10 9,085394049447114  0  0  0
11  0  0 11,267093473340921  0
12  0  0 6,584116357480394  0
13  0  0 18,267463260893553  0
14 17,19138845624922  0  0  0
15  0  0 7,402795150243406  0
16  0  0 6,849545196283682  0
17  0 12,037850163501643  0  0
18  0  0  0 6,512913325970288
19  0 12,273834995411384  0  0
20  0 10,830802925157972  0  0
21 11,396829564909552  0  0  0
22 19,848285942116682  0  0  0
23 19,346239062706747  0  0  0
24  0 12,5236593395962  0  0
25 16,064381935411184  0  0  0
26  0  0 16,581337716396355  0
27  0  0 13,482088424663718  0
28 19,166814455452503  0  0  0
29  0 15,752616827772979  0  0
30  0  0  0 14,22731582424256
