N 30
M 250
K Alumina Bauxita Manganes Ferro ;
L 4
v
1 8
2 16
3 24
4 8
a
1 1
2 3
3 4
4 4
5 5
6 5
7 7
8 9
9 9
10 9
11 10
12 11
13 12
14 12
15 12
16 13
17 15
18 16
19 17
20 18
21 18
22 20
23 22
24 24
25 26
26 28
27 29
28 29
29 31
30 32
e
Alumina 23,343699217918775
Bauxita 28,789951370889714
Manganes 24,814071608230478
Ferro 22,420641657464895
ck
Alumina 7,83317521325972
Bauxita 9,173035623108003
Manganes 3,011828540904922
Ferro 7,297451215475148
q Bauxita Alumina Manganes Ferro
1  0  0  0 10,051059265494786
2  0 12,251186753767866  0  0
3  0  0  0 16,128510280152994
4 9,26406285281533  0  0  0
5  0  0 12,049419867921166  0
6  0 17,492040497548004  0  0
7  0  0 4,26092004717756  0
8  0  0  0 15,554681952444158
9 12,261899762780498  0  0  0
10  0  0 16,422296728204834  0
11  0  0  0 16,60602403986838
12 11,01160624061591  0  0  0
13 12,400733176490403  0  0  0
14  0  0  0 8,11370442756399
15  0  0  0 5,819748513328591
16  0 19,22876745574336  0  0
17  0  0 5,951642988783409  0
18 10,314348082530657  0  0  0
19 18,484809897183922  0  0  0
20  0  0  0 5,078338996599699
21  0 8,793809779362629  0  0
22  0  0 14,521697256076475  0
23  0  0 13,37600975780848  0
24 14,811162381116233  0  0  0
25  0  0 12,044822284132257  0
26  0 7,6846170029545835  0  0
27  0  0  0 8,069118085008293
28  0 7,495192017596628  0  0
29 10,071276147919969  0  0  0
30  0  0  0 11,354199977230246
