N 30
M 250
K Alumina Bauxita Manganes Ferro ;
L 5
v
1 8
2 16
3 24
4 8
5 16
a
1 1
2 3
3 3
4 5
5 6
6 6
7 6
8 8
9 9
10 9
11 11
12 12
13 13
14 14
15 14
16 15
17 16
18 17
19 18
20 20
21 22
22 23
23 23
24 25
25 27
26 28
27 30
28 31
29 31
30 32
e
Alumina 26,568675290862835
Bauxita 27,539847378250677
Manganes 17,409523498998286
Ferro 29,740019501578296
ck
Alumina 9,806309821728703
Bauxita 4,553168001156516
Manganes 5,7362738314466934
Ferro 5,867769708797751
q Bauxita Alumina Manganes Ferro
1  0  0  0 7,395971690560501
2  0  0 10,0845852141307  0
3 19,417327885688703  0  0  0
4 8,524171797183003  0  0  0
5 18,923132611518636  0  0  0
6  0  0  0 6,107243666313597
7 7,892124400866589  0  0  0
8 6,526127297406395  0  0  0
9  0  0 4,32471839322389  0
10 5,492795457632079  0  0  0
11  0  0  0 16,087780895589468
12 11,852689441314954  0  0  0
13  0 6,646044632693069  0  0
14  0  0  0 19,91123102450107
15  0  0  0 6,605991654049163
16  0  0  0 14,455368533319797
17  0 16,018067265427803  0  0
18 15,263370626650104  0  0  0
19 17,20434356204555  0  0  0
20  0  0  0 4,238086208665747
21 11,399910311867407  0  0  0
22  0  0 18,278301056819778  0
23  0  0 5,958085835378174  0
24  0  0 7,532310656106322  0
25  0 12,867721448934606  0  0
26  0 5,274540966020439  0  0
27 12,727003301458675  0  0  0
28  0 18,346505071569986  0  0
29 17,86202002467889  0  0  0
30  0 19,058183835933068  0  0
