N 30
M 250
K Alumina Bauxita Manganes Ferro ;
L 5
v
1 8
2 16
3 24
4 8
5 16
a
1 1
2 1
3 3
4 5
5 6
6 6
7 8
8 10
9 10
10 10
11 11
12 12
13 12
14 13
15 15
16 15
17 15
18 15
19 15
20 16
21 17
22 17
23 18
24 18
25 20
26 21
27 23
28 23
29 23
30 23
e
Alumina 19,389927353714356
Bauxita 27,5259136768083
Manganes 21,95053238384388
Ferro 19,458240149549887
ck
Alumina 5,232489940562242
Bauxita 7,468553801054638
Manganes 3,1827357176062727
Ferro 8,23206841951311
q Bauxita Alumina Manganes Ferro
1  0  0 8,29482284891479  0
2  0  0 5,10405895357378  0
3  0 5,894750455210366  0  0
4  0  0  0 8,354250610584874
5  0 12,005435305844053  0  0
6  0 7,822885085321946  0  0
7  0 14,91785892765774  0  0
8  0 8,455814126199563  0  0
9  0 18,24140955289178  0  0
10  0  0 4,438792285012006  0
11  0  0 5,643705208167573  0
12 6,157522508064517  0  0  0
13  0  0  0 15,655690653678832
14 8,466844347827422  0  0  0
15  0  0  0 4,40488136770669
16  0 4,190435525447096  0  0
17 14,109152074006575  0  0  0
18 9,76097183624112  0  0  0
19  0 14,771824037431516  0  0
20 5,989255403269031  0  0  0
21 18,49511165713959  0  0  0
22  0 10,411056663356971  0  0
23  0 16,350883620563064  0  0
24  0  0  0 18,36704764585281
25  0 10,602654995700847  0  0
26 5,527178593592431  0  0  0
27  0  0 12,529957980048026  0
28  0  0 5,161960930779767  0
29  0  0  0 8,812316578448197
30  0  0  0 15,944970450489333
