N 30
M 250
K Alumina Bauxita Manganes Ferro ;
L 5
v
1 8
2 16
3 24
4 8
5 16
a
1 1
2 2
3 3
4 5
5 7
6 8
7 8
8 8
9 8
10 9
11 9
12 11
13 11
14 13
15 15
16 15
17 17
18 18
19 20
20 21
21 21
22 22
23 22
24 23
25 23
26 25
27 25
28 25
29 27
30 28
e
Alumina 26,718313402897316
Bauxita 23,78444916296954
Manganes 16,326111398175584
Ferro 26,653384654218065
ck
Alumina 8,496730203367179
Bauxita 3,863506415067393
Manganes 9,048831240212682
Ferro 5,325306489751239
q Bauxita Alumina Manganes Ferro
1  0 15,44432289499931  0  0
2  0 8,355935132263042  0  0
3  0 9,325476452078071  0  0
4  0  0 4,129224348821831  0
5  0  0 17,718052380956735  0
6  0  0 7,527550508152043  0
7  0  0 13,093953060152709  0
8  0  0  0 17,618535626120543
9  0  0 8,895383882164658  0
10  0  0  0 19,692069232970777
11  0 12,676957545863495  0  0
12  0 14,712615294801587  0  0
13 12,862357539573708  0  0  0
14  0  0  0 18,305821353136214
15  0  0  0 4,787436165753222
16 18,312248423035463  0  0  0
17  0  0  0 18,823112562447474
18  0 12,986262920956579  0  0
19  0  0  0 15,923860316465197
20  0 16,01424621775662  0  0
21  0  0 18,260818026749355  0
22  0 10,965210295397222  0  0
23  0 14,144542089674458  0  0
24  0 7,931698639898427  0  0
25  0 14,449211620109018  0  0
26  0 16,584359275825506  0  0
27 16,902233589320765  0  0  0
28  0 17,25191250157583  0  0
29  0 13,140263098238727  0  0
30  0 9,391148703869758  0  0
