N 30
M 250
K Alumina Bauxita Manganes Ferro ;
L 5
v
1 8
2 16
3 24
4 8
5 16
a
1 1
2 3
3 4
4 5
5 6
6 7
7 9
8 11
9 11
10 11
11 13
12 14
13 14
14 14
15 16
16 16
17 17
18 18
19 18
20 20
21 21
22 21
23 21
24 23
25 25
26 27
27 29
28 29
29 29
30 31
e
Alumina 27,762513754715812
Bauxita 28,303911303250327
Manganes 16,65040123372173
Ferro 15,645598383775793
ck
Alumina 4,037007013963496
Bauxita 5,183861158775199
Manganes 9,022612962096545
Ferro 4,703753477320355
q Bauxita Alumina Manganes Ferro
1  0 8,217155063412982  0  0
2  0 5,210140645243682  0  0
3 12,017815903743529  0  0  0
4  0  0 6,9428934682090375  0
5  0  0 6,81703258173277  0
6  0  0 11,758729055007505  0
7  0  0 7,745026248038238  0
8 13,039850710611333  0  0  0
9  0  0 4,1056008486929265  0
10  0  0  0 18,627182003282424
11 9,267438352145257  0  0  0
12  0  0 11,866241674583431  0
13  0  0 10,600651575214796  0
14  0  0  0 19,977157866582594
15 10,86934662644327  0  0  0
16  0  0  0 12,796588629542507
17  0  0 9,600430588604352  0
18 8,070598343331556  0  0  0
19  0  0 5,393835236337303  0
20  0 10,326530149520266  0  0
21  0  0  0 4,544874127453442
22  0  0 16,0325933317635  0
23 14,870478233304281  0  0  0
24  0  0 19,624335611965964  0
25  0  0 15,464793334983192  0
26  0  0  0 11,43727760502594
27 9,906770961227263  0  0  0
28  0 17,491617484523463  0  0
29 12,429229847501041  0  0  0
30 8,836487369854508  0  0  0
