N 30
M 250
K Alumina Bauxita Manganes Ferro ;
L 5
v
1 8
2 16
3 24
4 8
5 16
a
1 1
2 3
3 4
4 4
5 5
6 5
7 6
8 6
9 7
10 7
11 8
12 8
13 9
14 9
15 9
16 11
17 12
18 12
19 14
20 14
21 14
22 15
23 17
24 18
25 19
26 21
27 21
28 23
29 25
30 26
e
Alumina 19,02498370233953
Bauxita 23,102716188722205
Manganes 15,201076922585417
Ferro 22,52889758939818
ck
Alumina 7,803457373616378
Bauxita 5,840790422753737
Manganes 6,47281283268498
Ferro 6,227502836901053
q Bauxita Alumina Manganes Ferro
1  0 8,349969500639238  0  0
2  0  0 13,963828675993826  0
3  0  0  0 8,840345551120961
4  0  0  0 11,899317870987364
5  0 18,07548202185651  0  0
6  0  0 7,637737594624447  0
7  0 6,313783112801829  0  0
8  0  0  0 15,842906735287562
9  0  0  0 15,798370081007453
10  0  0  0 18,894097344187912
11 14,16951172505746  0  0  0
12  0 10,919313062734505  0  0
13  0 16,79754456373104  0  0
14  0 13,725135835825617  0  0
15  0  0  0 15,082805977928812
16  0 14,904047372380068  0  0
17  0 14,75403515932709  0  0
18 10,478480899204028  0  0  0
19  0 15,320222212192155  0  0
20  0  0 19,662452211120424  0
21  0  0  0 8,839803916633574
22  0  0 11,380361768795526  0
23  0  0  0 13,993834729975838
24  0  0  0 6,502260799107752
25  0  0  0 9,493973101105215
26 17,400296751464644  0  0  0
27 5,924007259645412  0  0  0
28 16,73001362793929  0  0  0
29  0 10,996428919433976  0  0
30  0  0 7,52912907632145  0
