N 30
M 250
K Alumina Bauxita Manganes Ferro ;
L 6
v
1 8
2 16
3 24
4 8
5 16
6 24
a
1 1
2 3
3 3
4 3
5 5
6 7
7 9
8 9
9 10
10 10
11 10
12 12
13 13
14 13
15 15
16 17
17 17
18 19
19 20
20 20
21 21
22 22
23 23
24 25
25 26
26 28
27 28
28 29
29 29
30 31
e
Alumina 17,05973779524294
Bauxita 27,48167861294683
Manganes 28,733030358551915
Ferro 26,52774323062781
ck
Alumina 4,836033549208549
Bauxita 7,11069957599261
Manganes 5,494726087016623
Ferro 7,1586310046931345
q Bauxita Alumina Manganes Ferro
1  0 13,166465626277613  0  0
2  0  0 9,720458863635535  0
3 18,79312483772594  0  0  0
4  0  0  0 14,022474976630381
5  0  0 16,320060759082125  0
6 18,944357438154235  0  0  0
7  0  0  0 13,155658770008758
8  0  0  0 12,92115917059813
9  0  0  0 10,699546291027689
10 5,916291244952934  0  0  0
11 11,240089872837283  0  0  0
12  0  0 16,909435203083845  0
13  0  0  0 19,587827990109197
14  0  0  0 12,920362087602584
15  0  0  0 16,446858976175413
16  0 11,008073768182577  0  0
17  0  0 19,65964472871294  0
18  0 19,433990080887973  0  0
19  0  0  0 4,204812416293128
20  0  0  0 6,190955900861951
21  0 12,871168753144728  0  0
22  0  0  0 11,200491764287468
23  0  0 5,458564974904785  0
24  0  0 17,432781804811952  0
25 17,2339718472577  0  0  0
26  0 10,942337969565362  0  0
27  0  0  0 9,63962357242886
28  0  0  0 9,823288277941314
29  0 8,482462746740408  0  0
30 16,74993868121112  0  0  0
