N 30
M 250
K Alumina Bauxita Manganes Ferro ;
L 6
v
1 8
2 16
3 24
4 8
5 16
6 24
a
1 1
2 1
3 1
4 3
5 5
6 5
7 6
8 8
9 9
10 11
11 11
12 12
13 13
14 15
15 17
16 17
17 18
18 18
19 19
20 20
21 22
22 24
23 26
24 28
25 30
26 32
27 34
28 35
29 37
30 39
e
Alumina 25,53452279738783
Bauxita 22,024065793104917
Manganes 24,474135806139834
Ferro 20,39897319372156
ck
Alumina 5,475581505891887
Bauxita 4,627300615615909
Manganes 4,066856347214206
Ferro 4,000649435422451
q Bauxita Alumina Manganes Ferro
1  0  0  0 4,603302209480104
2 7,482608514053224  0  0  0
3 4,0145810141177165  0  0  0
4 18,533383731639958  0  0  0
5  0  0  0 4,760788880154482
6  0  0  0 8,157933010026722
7  0  0  0 18,42934701416469
8  0  0 6,067493118576685  0
9  0  0 9,779781623245652  0
10  0  0  0 17,139459258856874
11  0  0  0 13,133793952280453
12  0  0  0 13,920205742638418
13 11,287137725202621  0  0  0
14  0  0  0 10,442030284705908
15  0  0  0 11,90910225650479
16  0  0 8,700487738456715  0
17  0  0  0 13,312719772205183
18  0  0  0 7,072296859903895
19  0  0  0 13,782724880819806
20  0  0  0 16,159256991913747
21  0  0 14,44518237789883  0
22 10,9080987406366  0  0  0
23  0  0  0 4,614374080202696
24  0  0 19,695900957535812  0
25  0  0  0 4,182172410808498
26 13,454940606495635  0  0  0
27  0  0 19,167287167854283  0
28 5,3857952543225345  0  0  0
29 5,960249527965551  0  0  0
30 15,33093476398243  0  0  0
