N 30
M 250
K Alumina Bauxita Manganes Ferro ;
L 6
v
1 8
2 16
3 24
4 8
5 16
6 24
a
1 1
2 1
3 1
4 3
5 5
6 5
7 7
8 9
9 10
10 12
11 12
12 12
13 14
14 15
15 15
16 15
17 16
18 16
19 16
20 18
21 19
22 19
23 21
24 23
25 25
26 25
27 25
28 25
29 26
30 26
e
Alumina 25,079497571855207
Bauxita 22,32904518284367
Manganes 28,775272836144858
Ferro 20,19541893974943
ck
Alumina 5,94585528512448
Bauxita 7,677241087787138
Manganes 3,996727355016982
Ferro 7,326733523423101
q Bauxita Alumina Manganes Ferro
1  0  0  0 14,301478409704744
2  0  0 11,694260540902876  0
3  0  0  0 18,976457237246876
4  0  0  0 14,627082229746346
5  0  0  0 5,404975758094885
6 16,84589990532711  0  0  0
7  0 4,271845954856639  0  0
8 12,320694342623923  0  0  0
9  0 4,7832456298382855  0  0
10  0  0  0 12,056993261647037
11  0  0 13,052920747045057  0
12  0  0  0 13,928054055010703
13  0 16,931213668855857  0  0
14  0  0 6,266982793388124  0
15  0  0  0 14,058769596192965
16  0  0  0 15,501272789603338
17  0  0  0 18,404344578497202
18  0  0 9,347205170881281  0
19  0  0  0 18,719180190562206
20  0  0 11,35331787922253  0
21  0  0 7,516428138812429  0
22 15,264274255709434  0  0  0
23 17,241420136684475  0  0  0
24  0  0 17,81032318951668  0
25  0  0  0 18,870629707072546
26 18,229630812806157  0  0  0
27  0  0  0 6,360748742305944
28 17,442033675391848  0  0  0
29  0 14,768357782089362  0  0
30  0 6,832749297365904  0  0
