N 30
M 250
K Alumina Bauxita Manganes Ferro ;
L 6
v
1 8
2 16
3 24
4 8
5 16
6 24
a
1 1
2 3
3 4
4 4
5 4
6 6
7 6
8 6
9 8
10 8
11 9
12 10
13 10
14 11
15 11
16 13
17 14
18 14
19 16
20 18
21 19
22 21
23 23
24 25
25 25
26 26
27 26
28 26
29 28
30 30
e
Alumina 29,8108726482604
Bauxita 15,65966471960162
Manganes 17,390226120670146
Ferro 17,657201934324547
ck
Alumina 7,536055488286702
Bauxita 4,7398500929591005
Manganes 8,22482240285222
Ferro 7,971948912052962
q Bauxita Alumina Manganes Ferro
1  0  0 12,200689751520896  0
2  0  0  0 15,920632314418775
3  0  0  0 17,217536163619535
4 19,56467567626147  0  0  0
5  0  0 10,78573427933443  0
6 4,626174904980546  0  0  0
7 5,641738602962917  0  0  0
8 10,296642774001144  0  0  0
9  0  0  0 12,716737824854821
10  0  0 10,432599461088255  0
11 7,9356634119845175  0  0  0
12  0 11,78295858909638  0  0
13  0 16,07397124727239  0  0
14  0  0 11,460452321487532  0
15 11,671882247779141  0  0  0
16  0  0 4,1586603304695  0
17 16,828821523028076  0  0  0
18  0  0 18,300891943996344  0
19 6,250361624660869  0  0  0
20  0  0  0 15,31170840739779
21  0  0 19,895850927746373  0
22  0  0 19,588657884746656  0
23  0  0 15,984458636735344  0
24  0  0  0 17,11497698255321
25 19,565457384558464  0  0  0
26  0 4,616265454482837  0  0
27 16,517345351860136  0  0  0
28 12,897490413623016  0  0  0
29  0 18,661137131114053  0  0
30 10,57865602403964  0  0  0
