N 30
M 250
K Alumina Bauxita Manganes Ferro ;
L 6
v
1 8
2 16
3 24
4 8
5 16
6 24
a
1 1
2 2
3 3
4 4
5 6
6 8
7 8
8 9
9 10
10 12
11 12
12 12
13 13
14 15
15 17
16 18
17 18
18 18
19 19
20 19
21 19
22 19
23 20
24 22
25 22
26 24
27 26
28 27
29 28
30 29
e
Alumina 16,242719833094903
Bauxita 22,097474300128273
Manganes 26,73438567905272
Ferro 26,71317228452542
ck
Alumina 3,5062045467909506
Bauxita 4,914698741582644
Manganes 9,817486119957042
Ferro 3,600685010641829
q Bauxita Alumina Manganes Ferro
1  0 17,120924438599296  0  0
2 17,64758747281995  0  0  0
3 14,1611798169001  0  0  0
4  0  0  0 19,651906666323285
5 9,450265520469735  0  0  0
6  0  0  0 15,56379512178781
7 10,377827021115484  0  0  0
8 19,51080702700402  0  0  0
9  0  0 17,571358448801018  0
10  0  0  0 7,67546954292456
11 15,170214495948873  0  0  0
12  0  0  0 5,1616537453651254
13  0 11,79517983692602  0  0
14  0  0  0 17,393049086199557
15  0  0 17,631818868731898  0
16  0  0  0 5,2836216607905655
17  0  0  0 11,16678154264231
18  0  0  0 19,917640919889642
19  0 13,910667135299446  0  0
20  0  0 6,534336525964049  0
21  0 19,39229308360107  0  0
22  0 11,419426331357718  0  0
23 17,46505820164937  0  0  0
24  0 4,189192367300098  0  0
25  0 15,773317335819376  0  0
26  0  0  0 10,032866316388622
27  0  0  0 14,889083620548611
28 9,069408304326997  0  0  0
29  0 9,801676982819227  0  0
30 10,786306465331473  0  0  0
