N 50
M 250
K Alumina Bauxita Manganes Ferro ;
L 2
v
1 8
2 16
a
1 1
2 2
3 2
4 3
5 3
6 4
7 5
8 7
9 8
10 8
11 8
12 10
13 12
14 13
15 15
16 16
17 16
18 18
19 19
20 20
21 22
22 22
23 22
24 22
25 23
26 24
27 26
28 26
29 27
30 29
31 29
32 31
33 33
34 33
35 33
36 33
37 35
38 36
39 37
40 39
41 40
42 42
43 42
44 44
45 44
46 44
47 44
48 44
49 44
50 44
e
Alumina 18,662042027776145
Bauxita 22,406395390557307
Manganes 25,401345357343523
Ferro 23,066341212522723
ck
Alumina 7,3722818860988335
Bauxita 4,578897745877884
Manganes 4,601180349276225
Ferro 3,2567422307332112
q Bauxita Alumina Manganes Ferro
1 19,635081072919903  0  0  0
2  0 6,66697586965714  0  0
3  0  0  0 16,85854918681266
4 13,052017844429432  0  0  0
5  0  0 10,767412389624985  0
6  0  0  0 12,233070810711062
7  0 7,810613815571175  0  0
8 16,09587175641638  0  0  0
9  0  0  0 6,9311940425835346
10  0  0 8,022343259668702  0
11 10,346427890538015  0  0  0
12 9,527102858269314  0  0  0
13  0 12,816560117705668  0  0
14  0  0  0 13,540169383669806
15  0  0  0 19,411639437413577
16  0 11,07058323444607  0  0
17  0 12,31681310690456  0  0
18  0 10,389328874045189  0  0
19  0 17,020435541929025  0  0
20  0 18,667818794199054  0  0
21  0  0 5,961300871134851  0
22 10,058337066752983  0  0  0
23  0  0  0 6,068498094046827
24  0  0 7,405130299145622  0
25  0  0 17,760458723162234  0
26  0  0 8,486160041458195  0
27  0 8,605063675436531  0  0
28 19,814282919355232  0  0  0
29  0  0 7,427455717281129  0
30 14,369875144036682  0  0  0
31 7,336424285903078  0  0  0
32 9,521807982548465  0  0  0
33  0  0  0 18,906037557354125
34  0 6,186298204503181  0  0
35  0  0  0 13,50215597790247
36  0  0  0 17,817058254573368
37 9,676458201237118  0  0  0
38 10,366922294207871  0  0  0
39  0  0  0 8,594293420990528
40  0  0  0 6,055793607172328
41  0 5,133957283058349  0  0
42  0  0  0 14,26331925287868
43  0  0 9,756660164807306  0
44  0 18,056378994613336  0  0
45  0  0  0 5,890214229186624
46  0  0  0 19,483099886158044
47  0  0  0 10,9347880926593
48  0 16,67015476489705  0  0
49 18,340702644098997  0  0  0
50  0  0  0 11,630194941391473
