Subarea Produto Quantidade estocada  Capac. estoque
1	1	50000			100000
2	2	50000			100000
3	1	0			100000
4	2	50000			100000
5	1	0			100000	
6	2	50000			100000
7	1	0			100000
8	2	50000			100000
9	1	50000			100000
10	2	0			100000
11	3	50000			100000
12	3	50000			100000
13	3	100000			100000
14	3	0			100000
15	3	0			100000
16	3	0			100000
17	3	0			100000
18	3	50000			100000
19	3	50000			100000
20	3	0			100000
21	4	50000			100000
22	5	50000			100000
23	4	0			100000
24	5	50000			100000
25	5	0			100000	
26	4	50000			100000
27	5	0			100000
28	4	50000			100000
29	5	50000			100000
30	5	0			100000
31	5	50000			100000
32	5	50000			100000
33	5	100000			100000
34	5	0			100000
35	5	0			100000
36	5	0			100000
37	5	0			100000
38	5	50000			100000
39	5	50000			100000
40	5	0			100000