1	1	6	11	16	21	26	31	36	41	46	51	56	61	66	-1
2	2	7	12	17	22	27	32	37	42	47	52	57	62	67	-1
3	3	8	13	18	23	28	33	38	43	48	53	58	63	68	-1
4	4	9	14	19	24	29	34	39	44	49	54	59	64	69	-1
5	5	10	15	20	25	30	35	40	45	50	55	60	65	70	-1
6	1	8	15	22	29	36	41	48	55	62	69	71	78	85	92	99	106	-1
7	2	9	16	23	30	37	42	49	56	63	70	72	79	86	93	100	107	-1
8	3	10	17	24	31	38	43	50	57	64	73	80	87	94	101	108	-1
9	4	11	18	25	32	39	44	51	58	65	74	81	88	95	102	109	-1
10	5	12	19	26	33	40	45	52	59	66	75	82	89	96	103	110	-1
11	6	13	20	27	34	46	53	60	67	76	83	90	97	104	-1
12	7	14	21	28	35	47	54	61	68	77	84	91	98	105	-1
13	1	9	17	25	33	-1
14	2	10	18	26	34	-1
15	3	11	19	27	35	-1
16	4	12	20	28	36	-1
17	5	13	21	29	37	-1
18	6	14	22	30	38	-1
19	7	15	23	31	39	-1
20	8	16	24	32	40	-1
21	41	45	49	53	57	61	65	69	71	75	79	83	87	91	95	99	103	107	-1
22	42	46	50	54	58	62	66	70	72	76	80	84	88	92	96	100	104	108	-1
23	43	47	51	55	59	63	67	73	77	81	85	89	93	97	101	105	109	-1
24	44	48	52	56	60	64	68	74	78	82	86	90	94	98	102	106	110	-1
25	1	17	33	71	87	103	-1
26	2	18	34	72	88	104	-1
27	3	19	35	73	89	105	-1
28	4	20	36	74	90	106	-1
29	5	21	37	75	91	107	-1
30	6	22	38	76	92	108	-1
31	7	23	39	77	93	109	-1
32	8	24	40	78	94	110	-1
33	9	25	79	95	-1
34	10	26	80	96	-1
35	11	27	81	97	-1
36	12	28	82	98	-1
37	13	29	83	99	-1
38	14	30	84	100	-1
39	15	31	85	101	-1
40	16	32	86	102	-1
41	41	51	61	71	81	91	101	-1
42	42	52	62	72	82	92	102	-1
43	43	53	63	73	83	93	103	-1
44	44	54	64	74	84	94	104	-1
45	45	55	65	75	85	95	105	-1
46	46	56	66	76	86	96	106	-1
47	47	57	67	77	87	97	107	-1
48	48	58	68	78	88	98	108	-1
49	49	59	69	79	89	99	109	-1
50	50	60	70	80	90	100	110	-1
