1	1	1	1	20000	5	15000	-1
1	2	2	5	50000	-1
2	3	1	4	20000	5	15000	-1
3	4	2	4	50000	-1
3	5	1	1	20000	3	15000	-1
4	6	1	5	20000	2	15000	-1
4	7	2	3	50000	-1
5	8	1	1	20000	5	15000	-1
5	9	2	5	50000	-1
6	10	1	4	20000	5	15000	-1
7	11	2	4	50000	-1
7	12	1	1	20000	3	15000	-1
8	13	1	5	20000	2	15000	-1
8	14	2	3	50000	-1
9	1	1	1	20000	5	15000	-1
9	2	2	5	50000	-1
10	3	1	4	20000	5	15000	-1
11	4	2	4	50000	-1
11	5	1	1	20000	3	15000	-1
12	6	1	5	20000	2	15000	-1
12	7	2	3	50000	-1
13	8	1	1	20000	5	15000	-1
13	9	2	5	50000	-1
14	10	1	4	20000	5	15000	-1
15	11	2	4	50000	-1
15	12	1	1	20000	3	15000	-1