5.1 0,5418000000000001
5.2 1,73996
5.3 2,084592
5.4 2,4323184
5.5 2,67526368
5.6 2,747052736
10.1 3,3754
10.2 4,8846799999999995
10.3 5,476736
10.4 6,1387472
10.5 8,19874944
10.6 11,435149888000002
15.1 94,3628
15.2 60,46195999999999
15.3 40,14419199999999
15.4 25,394638399999998
15.5 30,87572768
15.6 26,779345536
20.1 50,312799999999996
20.2 41,59896
20.3 27,884591999999998
20.4 23,4453184
20.5 33,73586368
20.6 43,510172736
25.1 107,1484
25.2 72,72828
25.3 50,197456
25.4 54,181091200000004
25.5 62,70341824
25.6 100,139683648
30.1 143,61880000000002
30.2 104,07976
30.3 110,071552
30.4 99,34991039999998
30.5 153,11198208000002
30.6 187,796396416
