N 60
M 200
K Alumina Bauxita Manganes Ferro ;
L 3
v
1 10
2 14
3 13
d
1 500
2 1000
3 500
4 1000
5 500
6 1000
7 500
8 1000
9 500
10 1000
11 500
12 1000
13 500
14 1000
15 500
16 1000
17 500
18 1000
19 500
20 1000
21 500
22 1000
23 500
24 1000
25 500
26 1000
27 500
28 1000
29 500
30 1000
1 500
2 1000
3 500
4 1000
5 500
6 1000
7 500
8 1000
9 500
10 1000
11 500
12 1000
13 500
14 1000
15 500
16 1000
17 500
18 1000
19 500
20 1000
21 500
22 1000
23 500
24 1000
25 500
26 1000
27 500
28 1000
29 500
30 1000
a
1 1
2 1
3 3
4 3
5 5
6 7
7 7
8 8
9 8
10 10
11 11
12 11
13 12
14 12
15 14
16 16
17 17
18 17
19 18
20 19
21 19
22 21
23 23
24 24
25 26
26 28
27 28
28 28
29 30
30 30
31 31
32 31
33 33
34 33
35 35
36 37
37 37
38 38
39 38
40 40
41 41
42 41
43 42
44 42
45 44
46 46
47 47
48 47
49 48
50 49
51 49
52 51
53 53
54 54
55 56
56 58
57 58
58 58
59 60
60 60
e
Bauxita 600
Alumina 780
Manganes 1220
Ferro 420
ck
Bauxita 80
Alumina 100
Manganes 160
Ferro 80
q Bauxita Alumina Manganes Ferro
1	0	0	37	0
2	41	0	0	0
3	0	16	0	0
4	22	0	0	0
5	0	0	42	0
6	0	0	33	0
7	13	0	0	0
8	0	45	0	0
9	0	0	23	0
10	0	22	0	0
11	0	0	0	25
12	0	0	0	27
13	0	0	34	0
14	0	0	33	0
15	0	0	0	19
16	20	0	0	0
17	0	39	0	0
18	0	20	0	0
19	0	0	0	21
20	0	0	0	24
21	15	0	0	0
22	0	24	0	0
23	0	18	0	0
24	0	0	33	0
25	15	0	0	0
26	0	23	0	0
27	28	0	0	0
28	0	0	0	25
29	0	17	0	0
30	0	0	46	0
31	0	0	37	0
32	41	0	0	0
33	0	16	0	0
34	22	0	0	0
35	0	0	42	0
36	0	0	33	0
37	13	0	0	0
38	0	45	0	0
39	0	0	23	0
40	0	22	0	0
41	0	0	0	25
42	0	0	0	27
43	0	0	34	0
44	0	0	33	0
45	0	0	0	19
46	20	0	0	0
47	0	39	0	0
48	0	20	0	0
49	0	0	0	21
50	0	0	0	24
51	15	0	0	0
52	0	24	0	0
53	0	18	0	0
54	0	0	33	0
55	15	0	0	0
56	0	23	0	0
57	28	0	0	0
58	0	0	0	25
59	0	17	0	0
60	0	0	46	0
