N 20
M 40
K Bauxita Alumina Manganes Ferro ;
L 3
v
1 7
2 5
3 6
d
1 500
2 1000
3 500
4 1000
5 500
6 1000
7 500
8 1000
9 500
10 1000
11 500
12 1000
13 500
14 1000
15 500
16 1000
17 500
18 1000
19 500
20 1000
a
1 1
2 1
3 3
4 3
5 5
6 7
7 7
8 8
9 8
10 10
11 11
12 11
13 12
14 12
15 14
16 16
17 17
18 17
19 18
20 19
e
Bauxita 30
Alumina 31
Manganes 28
Ferro 22
ck
Bauxita 2
Alumina 3
Manganes 3
Ferro 3
q Bauxita Alumina Manganes Ferro
1	0	0	25	0
2	14	0	0	0
3	0	20	0	0
4	12	0	0	0
5	0	0	0	20
6	0	0	18	0
7	14	0	0	0
8	0	25	0	0
9	0	0	22	0
10	0	12	0	0
11	0	0	0	33
12	0	0	0	12
13	0	0	31	0
14	0	0	28	0
15	0	0	0	21
16	25	0	0	0
17	0	33	0	0
18	0	27	0	0
19	0	0	0	18
20	0	0	0	26
